3476	40	1	10006,10063,10076,13403,10075,10110	a
3358	27	1	10006,10063,10024	82d22846bc757857f11064c60e8a0f3b
3386	216	1	10063	6ad8bc340c03cbcf6a5bd1f9d20ce07d
3358	275	5	13042,10063,10052,11423,13866,10111	22bbc00c2db42aa8a60497028845e85f
3427	216	5	null	47e7c5523cbda762a7c00e0c47c41993
3427	216	1	null	d5cd0deb2590303c7a7c25edf8a65be1
3427	216	5	null	47e7c5523cbda762a7c00e0c47c41993
3358	146	5	null	1aa7220db14f9f274a93ca7ab43a3956
3358	124	1	null	690e543c46a6cbe8bdd062f53a8ac7a2
3427	106	1	null	1fbb582355c947e12274f0a2f921e2be
3358	94	5	10052,10083,16661,13042,13866,13776,11423,10684,11278,14273,10063,10093,13496,10111	aa046b41d2c838d5b7fd201003eee92b
3386	333	1	null	addd688f0e659c10d82c7765c039996
3476	40	0	10083,10063,10052,14273,10006,10057,10110	4369887ef00bd8c95e07ce69e5f76915
3358	308	5	10063,10052,11379,11092,13866,10083,10684,11423,14273,10111	dd3f77fe9702de5b0282ff27a3d2f7c7
3386	164	1	10063	9f553612a58d7263dabadef26fb61d90
3358	0	5	10083,14273,13042,11278,16661,11379,11423,10684,10052,10110	407a4ee08bab6cab5cddc444edccc26f
3427	79	5	13496,13776,11423,10052,10684,13042,16661,13403,10093,10110	48cdaec9cbfdb378ec4f0f8f441f881c
3358	395	1	null	6daec2e366cf2ea53d60a43fb6252ab8
3427	80	1	null	84f5374cbdee25c03e0b4889cead3520
1458	216	1	13866,10111	3e2b664713cadb7046006623bea1dbdb
3476	308	0	13042,10031,10076,10063,10006,10075,10110	50d2ccbff1d17f9b322cf3c6be9cb4df
3427	216	5	10006,13403,10048,10052,13776,10075,16661,10063,11944,10110	b4d8408a863fd87d5983187fe94bef9b
3358	80	1	13403,10006,10063,10076,10110	64135136a6042e9422ecec0464ca5dcd
3386	344	5	13042,11423,10063,11379,10110	1ba50f7d886083488e8ceefc1f1d0cfc
3427	27	1	10063	e5186b57b4fa79e6197d57ba7bde2f28
3427	1	0	null	617e491a10952bf3aa7f34ed1116a4fe
3358	146	1	10063,10006,13866,10111	eafdc6440e4da4b74edacb8eb4f075ac
3386	80	1	null	9d1b7fd2e18c0754c456269bcb8c294e
3386	201	5	13866,10063,10006,11379,10111	3bfe37fee9123ad2c10c46a9adb07fce
3358	183	1	10063,13866,10111	cec8dacf949da7d32eb0d20a320f7d80
3358	124	1	null	fbe1ec959f0f4dfd6a544ab82fe0e53
3358	106	1	10063	8d61bfcafab0be451e7295da5c1c7c4a
3427	106	1	13866,10111	4372a258258bbc6d6852c894647e8e8d
1458	15	1	null	8e55c044870adf558505bd3b6dd3279e
3427	238	1	null	1f3b97c81003ffa39680d8af203fa4a6
1458	80	0	10031,13042,13403,10057,10059,10063,10052,10024,10006,14273,10075,10110	3764450923d81feda6bae6b0dfb0e2f1
3427	393	1	10684,10052	31b3f2174d200a26c8ce8a3fed948223
3427	106	1	null	969a483a65dccb6bf123d7e3128febe6
3358	276	1	null	be8409546bb061ce3a6622ad83aaa7e8
3476	216	1	10006,10063,13866,10110	6c79590047d47fb6234bb8fbdf710d50
3386	275	0	null	d528fdf72cba4a24b5392001ed4afd57
3386	80	0	13403,10006,10111	c7dd4cadce4f5bed11ff5b560225eb8e
3386	164	0	10006,14273,13800,10063,10059,10075,10052,13866,13042,10024,10057,10083,10110	541327692a23c818087e03f0a936a68
3358	308	0	13866	87305fa2479f9cc5e60e80c00e280518
3358	275	1	16617	62102b68472e7571fa0dba19e74411cc
3476	216	0	10083,10006,10063,10110	8f146bbc1f329198701de7afbc3c0998
3386	146	0	null	9a67c55c8018a2798fd3d7832505f705
3476	15	0	13800,13866,10059,10083,13403,10063,10006,10075,10057,10110	f2e52f72614ab8680e75316298dd36d5
1458	164	1	13866,10063,10006,10111	a2e6be02ea1c773c8e1d73df907183f3
1458	276	1	13866,10111	6e7ee29be99d3372bbed107738d22168
3427	216	0	10024,10076,10075,14273,10006,11944,10083,10057,10063,10048,13403,10052,10110	9f00545defcbcd4b54a8ab14c38930c6
3427	40	0	11724,10067,10083,10006,10063,10110	11bbcaa8f42a15ad78ca899a65da5bed
3427	106	0	10006,10079,10075,10083,10063,10031,10110	34c17829c348cf6fd6d792f3c11fa3a7
3358	308	0	13866	87a5b09120d787bd97c4aff076c14243
3427	216	0	null	da8a7c5d85f4b3f383501d8ba7c7028e
3476	1	1	10063,10006,10059,13678,13866,10110	bc8c362d5fb25d5d122aff3543871863
3476	1	1	10063,10006,10059,13678,13866,10110	bc8c362d5fb25d5d122aff3543871863
1458	216	0	10063,10083,10059,10075,10006,10067,10052,13403,10111	b64d37c8ead6e3ab98b491ac8428597d
1458	201	0	10083,10063,10031,10006,10052,13403,10110	5316f21cc25fde65bd64458cf85e6467
1458	276	0	13874,13866,10057	c10f2be01a3cc52cf379009315803b73
1458	80	0	10006,10063	393d3a27c5a13127ab3a5e61618988a5
3476	146	0	10059,10077,13403,10057,10083,10063,10075,10006,10111	89cfe692b990e137c4a97d22a0e8471c
3358	275	1	null	eb116e3e72821b0dba2e39d90075de40
1458	216	0	10024,10059,10077,10063,10111	4a17acbc3588539837476176ae350d23
1458	216	0	10024,10059,10077,10063,10111	4a17acbc3588539837476176ae350d23
3386	80	0	null	9d51d24d52299c07ccc5e74519af37a8
3386	216	0	10057,10077,10111	890b7b6315e9620630264601254e4968
1458	276	0	14273,13800,10075,10076,10111	3c7a021ce7b973bf8928edd3aed6b92f
1458	308	0	10006,10031,13403,10077,10075,10063,10083,10067,10052,10057,10076,10024,10059,10111	4f8e9c8f645e9d58b9ab1882eaa97133
1458	276	0	13800,11278,10052,10111	57c62aee4038ae3b9d105e6ac873b36c
1458	308	0	13776	aeb80fcbc120001dabff14da68c8a257
3386	94	0	13403,10006,10031,10063,10083,10052,10110	f39d1c83682fb7854b54022b3c2b4780
3386	94	0	13403,10006,10031,10063,10083,10052,10110	f39d1c83682fb7854b54022b3c2b4780
3386	216	0	10063,13866,10111	7b65f2c1438e926c848998dd5b71953d
1458	0	0	10111	903485a3581fcba06a646a540fc4e157
3358	1	0	null	7650fc7765a02637c2ad5ee26e3d1e41
1458	94	0	10052,10006,10083,10063,10110	9a5f6241a5d59b43e5714dc6acdd3f1e
1458	216	0	null	d2749aa0ccd6b243238a72c89072fc8f
3427	368	0	10111	763fe34086e9091585edbd5be6927bbb
3427	333	0	10083,13866,10031,10110	e1986dc9f5353203174b304a4efcae0e
3427	276	0	13866,13042,10110	46d7a004ca6f30975886b3151eb1e4ec
3427	276	0	13866,13042,10110	46d7a004ca6f30975886b3151eb1e4ec
1458	216	1	10063,10024	415cb3de6c152f63c515cefb5f01b01f
1458	216	1	10063,10057,10006,10110	86b7c5c249d6b18b0334d4a5e4cabb5f
3427	80	0	10077,10063,10111	9989923484bab8fccf9604e73c61bbc1
3386	134	0	10006,10059,13403,10057,10077,10111	ca712a542f284b446e0b1f9298d8f8fd
1458	106	0	10031,10063,13403,10083,10024,10006,10059,14273,10077,10052,10057,10075,10111	cc05f049cf458135b1ce0a57b8b10930
1458	124	0	10063,13403,10024,10057,10006	9d5a7e7880d093e2a64b51c31db3ff07
1458	216	0	10063,14273,10111	ac897e63c9dcf9ce6b51ec414deb6d64
1458	3	0	10031,11278,10057,10063,10006,10059,13776,13042,13403,10093,10067,10083,11724,10110	58023cdb63f84fdb58ad9b348b4c38d3
1458	106	1	10059,13866,10063,13403,10006,10024,10110	1ec79fccde0d0d2f050243168f23de98
3386	216	0	14273,10031,10006,10048,10110	72d362a605baccb233365cf0085eecaf
3476	216	0	10057	61082916d6bb5a63c7f5e7c16c63e2d3
1458	333	0	null	f11d4c0585a793b115cb8486d3035547
3476	3	0	13403,10006	a7c87d0b852fa1c63899c78badc73856
3427	55	0	10057,10077,10063,14273,10111	70c322d83c2ff2f6ec6f0962d45b307f
3427	55	0	10057,10077,10063,14273,10111	70c322d83c2ff2f6ec6f0962d45b307f
3427	55	0	10057,10077,10063,14273,10111	70c322d83c2ff2f6ec6f0962d45b307f
1458	164	0	null	eafe0e0b5f6b6493ebb8fb32258fa1ed
1458	124	0	10006,10110	5ace2ce2d5854e641c99ed367c9b610f
3476	216	0	10006,10083,13403,10057,10075,10059,10052,10063,10077,10110	d47dc5a44dfdb81073967ff45deaeb06
3476	0	0	10063,10052,10083,10075,10031,10006,10110	82bd52d4a69a9a5c056530e9e5999e27
3476	0	0	10063,10052,10083,10075,10031,10006,10110	82bd52d4a69a9a5c056530e9e5999e27
1458	368	0	10024,10077,13042,10006,10057,10083,10031,10063,10059,10075,10111	dd0f26f56e43db6c4cfad9d4822b0e5e
3386	393	0	10063,10059,10006,13403,10031,10057,13866,10083,10110	2791fdfb734db171cdac97f9846cd4fd
3427	0	0	10006,10063,10083,10110	abef5f8b503b60c923f195ef2a8ef604
3427	276	0	null	cd7548317d9978d4b3e04a48494322f8
3427	238	0	10006	fdefe53a5bf328efdcca0fd0dd4a7c2b
3427	238	0	10006	fdefe53a5bf328efdcca0fd0dd4a7c2b
3427	146	5	null	d822e41d3de47a180a1e4cc1851a1ea0
3427	124	5	13042,13866,10063,11423,10052,10111	7df2bafed9c00c5d55e1d883f2601356
3427	124	1	10063	e1f090892b001ebb21c5662140affa1b
3476	374	0	10052,10006	3cb8345e2e4fecc1aa6f146952e40434
3358	216	0	10006,10110	4edddab00c381decffca3b514ca61e42
3358	79	0	10024,13800,10110	3f398ab94ec3bf13f359e5ef5f050f83
3427	2	5	null	640f30354ace2dbe1d1e06ab7ec54101
3427	2	5	null	640f30354ace2dbe1d1e06ab7ec54101
3427	201	1	13866,11379,10111	d9ae26f073d73946219b7d189d6b40f0
3476	15	0	10083,10059,10057,10063,10075,10031,10006,13866,13042,10077,10024,10110	3a0ed5e9528099d5977bd7d5be6a03d8
3386	308	0	10031,10057,10110	2505cc7646ab3e717d0e1d0f1af01b7d
3386	124	0	10006,10052,10063,13403,10057,14273,10110	57cfd5a3e488f001796e3949f0c533c5
1458	216	0	10083,11278,10110	3204a249f4dbe74f9b8bd475865f0b54
3386	183	5	13866,10111	f6cf7ecc4c8a6e5ccb47796be58fcc64
3386	238	1	13776,10024	56f9f78cde712d4ac9b81343ca5ed216
3386	394	5	13042,11379,10110	a2d9786394cfd0e2c2355a8faec0259c
3386	0	5	13866,11278,11379,13042,10063,11423,10111	2b17d0b52ccc2d0a0b75915c9f42d105
1458	2	0	null	d9a26d29245553dd5dcc88d4bf0b4688
1458	2	0	null	d9a26d29245553dd5dcc88d4bf0b4688
1458	298	0	10063,10006	a6fb3b1c2b7266ab38526bb4ea6c806d
1458	79	1	10083,10024,14273,10077,10057,13800,10006,10059,11680,10063,11379,10031,11278,10110	b6f224542aa5d37617a504db7366350f
1458	333	0	10063	9321ac2c41f3ad44ee987fa351d190d5
3476	65	5	10083,10063,10110	5ee180500894d30a3f48f32d59c32396
3427	216	0	10024,10006,10031,10083,13042,10110	fb70e8debd1916b0a7ba48ab4fa24b20
3386	79	0	null	5ef3c2116f95c0501e99b07611ae8ca3
3386	79	0	null	5188e506e37d966e194078ca1786e8d0
3386	216	5	null	c1ba411974112ee4bffccfc403eff483
1458	146	1	10063,13866,10111	a6fbe7111361be5be6e027ae1cf25c30
3476	15	1	10079,10063,10006,10059,10052,10067,10057,10083,13866,10111	7a373871b6a2bed03c5a6fe4c66ac3ed
3358	1	0	13866,10063,13800,10006	9265f7ba398f226b6b57546e1741c0e0
1458	275	0	null	75654d21c3f1c91902f8d6c95e76556f
3386	94	5	13866,10063,10111	9ff6abf7874485ffefa0ada3dd80b36c
3386	275	1	10093,13403,10031,10063,10024,10006,10076,10048,10083,10075,10059,10110	70ba42fe6c2565ae05a28f9abe1a4fef
3386	94	5	13866,10063,10111	9ff6abf7874485ffefa0ada3dd80b36c
3386	94	5	13866,10063,10111	9ff6abf7874485ffefa0ada3dd80b36c
3386	2	5	10063,13042,13403,13866,10111	7bb4bdd467411e8544c264d647d53f78
3386	2	5	null	7bb4bdd467411e8544c264d647d53f78
3386	2	5	10063,13042,13403,13866,10111	7bb4bdd467411e8544c264d647d53f78
3386	2	5	10063,13042,13403,13866,10111	7bb4bdd467411e8544c264d647d53f78
3386	2	5	10063,13042,13403,13866,10111	7bb4bdd467411e8544c264d647d53f78
1458	276	0	null	2c097f8f1fd7b6805b85854c85681b5c
3427	216	1	null	3948b35250bdf10a9d417b06498eefa2
3427	394	5	13866,10063,11423,10052	911c3897105bcb3567274ca6021b0ed2
3427	216	1	null	48cbba0cf56a9dba37ed4ce1f6effffb
3427	2	1	13866,11379,10093,10063,13776,13496,13042,10111	e5caba30eb6eb2b3a9f4c42122eebd9c
3427	40	1	10006	4ebaa3d9516e955eccdf70ae29dca263
3476	40	1	10006,10024,10063,10057,10076,13403,10110	ea62ce2010e9f48df3745c21d04c62ef
3358	1	0	10063,10083,13866,10006,10111	6bc674bb7671e9c2d812c08f4093dd99
3427	0	0	10031,13403,10052,10083,10063,10006,10110	79673e6b680e305a6e2d90da797d167e
1458	1	0	10076,10063,10006,10684,10075,13866,10110	9d4fcd0c1fa1ac585323cad342e04c07
3427	0	0	10031,13403,10052,10083,10063,10006,10110	79673e6b680e305a6e2d90da797d167e
3386	298	0	null	e7ccfd63de98762d9d25f6e8b4886e71
1458	216	1	null	6ddfddacd06075bdfb56c15bb4b260ac
1458	164	1	null	63f5e428097ce88d450f1d7f00396619
1458	164	1	null	63f5e428097ce88d450f1d7f00396619
3427	40	0	10063,10031,10059,10057,10006,10083,10684,10110	9822ebc624c9ecd838aef8f8c01fa42a
3427	2	0	10063,10006	7ba0917ea2aac166f4a777f5d2377067
3427	55	0	10063	8a6d512a125b38ff4060b5dbb855f75b
1458	3	1	10063,10006,10076,10110	9921a1ecbe6b92f64503aed542bb12e6
1458	80	0	10052,13800,10057,13866,10063,10006	dadbb252f657990e55609a06030d6568
1458	216	0	10063,10083,11379,13866,10006,10110	33f5df96956dc38bab3b80ecebcb8789
3386	3	1	10063,10006,10110	46dde3e4a038b9c99d0089c71848590e
3386	94	5	11423,10083,14273,13866,10052,13874,13496,16661,10057,13776,11379,10684,10093,10111	2d519b1f01716bc8f33dfb61b52e355a
3386	94	5	11423,10083,14273,13866,10052,13874,13496,16661,10057,13776,11379,10684,10093,10111	2d519b1f01716bc8f33dfb61b52e355a
3386	94	5	11423,10083,14273,13866,10052,13874,13496,16661,10057,13776,11379,10684,10093,10111	2d519b1f01716bc8f33dfb61b52e355a
3476	216	0	13866,14273,10006,10063,10110	bf7c5ec9387e85ab5ab575591e898a6f
1458	3	0	10006,10048,10074,10110	939e5ae56c4c425202d8e26029b583c8
1458	1	1	13403,10063,10006,10083,10111	b6a1c3a441911aa3eb5d24f09a14f3d6
1458	106	1	null	8af3767d71156fb2ab94d2d75f3d8e5f
3427	80	0	10063,10024,10006,10057	7d35db3b616e2bc7b5211370ab2e3bd1
3386	55	0	10006,10063	21742ed87871b105a8079a60c91cbe5e
3386	55	0	10006,10063	21742ed87871b105a8079a60c91cbe5e
1458	80	0	null	2ed0b11fabd1a717de9e9c0f9b9f731a
3386	15	0	10024,10006,13866,10063,10111	61ccdfeb6256bb9ad277940268723fc2
3386	134	0	10006,10063	2648d08b614f1cafec697c3487dff108
3476	333	0	13800,13866,10006,10110	c9a29774df53428fe2ad2ff631f67622
1458	146	0	10063,13800	a13140a189da37d1139b0ed8bada9186
3476	216	0	10076,10063,10006,10110	dc9156382a1ecbfed3a2dc6c80c3f068
3476	80	0	null	6c22ad00f83716eb6837c48da44dec63
1458	276	0	10006,11278,10111	9035f959e479245d3ac8565491c709dc
3427	368	0	13800,13776,10083,10024,10110	3633b228fc0eb1d146ae9b5fab177ebe
1458	3	1	10006,11423,10110	a2f2d8b1fe557bc5ead659fa03ca18e6
3427	216	5	11944,13776,10063,10048	c2794b438f1736c1fe80200f299e6838
3427	15	5	null	f55738cca777cf963974de9831b7b6de
3427	15	5	null	f55738cca777cf963974de9831b7b6de
3427	3	1	10063,13866,13800,10006,10111	c2954194a118f3e7ce31d904c3f88578
3427	164	1	null	b0238d9845041a4a019ced92ba99a91a
3358	276	0	13042,10110	e5784965dc41a4a4f24307b0b4be8fb4
3358	65	0	10006,10074,10110	7a1163e2ab42c14ea901c0c05ec5da57
3358	0	5	10063	d966716cfd58f0e493118fed1c85b4b7
3358	0	5	10063	d966716cfd58f0e493118fed1c85b4b7
3358	0	5	10063	d966716cfd58f0e493118fed1c85b4b7
3358	1	5	null	cdff1c246aad6317f40431e84d9687fc
3358	124	1	10006,10048,10083,10063,10110	6c8cd3c67cac73a7e756cf4bc51513da
3358	275	5	13403,10031,10075,13866,10063,10024,10057,10079,10083,10067,10006,10059,10048,10111	4893adaad55ba10776fe85c438de2bcb
3358	1	5	null	cdff1c246aad6317f40431e84d9687fc
3358	79	1	null	44a998f731d11369c5b9d43fbd16fb2d
3358	164	1	10006,10110	fc5e4b5857b30afee9df81f564905337
3358	164	1	10006,10110	fc5e4b5857b30afee9df81f564905337
1458	164	0	10031,13403,10006,10075,10063,10110	77897fda27c30a35ffdd2517b8fa25fd
1458	40	0	10063,10006,10110	c35535d5e890440c6f35034957497d37
3386	40	1	10077,10063,10076,10006,10110	c7f8b303d7db5196adbf1dfc16d988bb
1458	164	1	13866,10111	5689c035bede61715c83dd848ecb7221
3427	80	0	10006,10110	7d3720445c22bbb7fbfa57b526154b04
3427	94	0	10083,10006,10059,10063,10111	4b9ce7cabc3ddaabbd2f9417a1204cfa
3476	80	5	13042,10006,10031,10063,10110	adfdb518240d18d999e9918edda0cddb
3476	1	1	13403,10063,10031,10110	86eca6989429a06c619e43b2dc8900a0
1458	80	1	null	1af6825f3cb7ab5fba17e953b92f279
3427	79	0	10077,10075,10063,10057,10006,10052,10024,10059,10111	e945f471a32f50f6b60efc0785f7f4ec
3476	216	0	10063,10006,10110	981cf773728e5cafa522f065b0d0cac
3427	216	0	10006,10057,10063,10110	eb924bd5808bfd070022c70dd42e13fa
3386	94	1	10075,10093,13776,13678,11379,11423,13496,10684,10024,10052,13042,16661,10111	4a6264e6fc91945ac01a286cb4f142d
3358	15	0	10024,13800,10006	7b94b2ea757c83e683da5313b56e4583
3476	94	0	10031,10024,10083,14273,13403,10006,10052,10075,10059,10063,10110	165b2d8b91d5f4df477814d0195a7cf3
3358	216	0	13866,10076,10075,10063	c33eefc7a16133e655418f6d360abccb
3386	183	0	null	d4056b3f05bf189190f12aa028f9eb4a
3386	40	0	13776	bf71f89be3748f1d41f6030440b6e1e0
3386	40	0	null	5b72b4dece48ed6907158d25c928848f
3386	216	0	11944,10057,10052,10024,10031,11278,11092,10093,13776,13403,10059,10684,10006,10075,10079,10083,10048,10063,13866,10110	a607f05f7c740be7cd4a4058a6cb6150
1458	27	0	null	e63265a8be71ced6c5208dffa1c3293e
1458	183	0	null	206c426267e8ffefbe3c1cc570de397b
1458	201	0	null	7bf121b08876184bf43654495b77bf79
3386	124	0	13776,13800,10024	24fdef5f99fc28675f0805f71da048da
3386	124	0	13776,10024,10031,10063,10052,10684,10006,10110	6340a7ce1fc06a0f0a115c627be6525a
3386	40	0	10057	b3eb0862a057c0591e0b068def8f42a0
3427	275	0	10063,10006	edddffd71696c57ca30ff8b90548a3a2
3427	183	0	10006,13776,10063	55eb464e92cd9aa856dddb80cbf467c8
3386	80	5	null	18bea3101c2bc6041ccdd040cea6f74
1458	3	0	10006,10063,13866,10111	ef44cf508f790c679eb5fdb934b823fc
3386	79	5	10006,13403,10110	bebe37e540c7c95f0dda4c06f8207f85
3386	216	5	11944,16661,10048	13a64e4133d3ff2886a7f4e9af32a6a
3386	79	1	10063,10006,10024,13678	edea830749f46f9cde6227b66caedc93
3386	216	5	11944,16661,10048	13a64e4133d3ff2886a7f4e9af32a6a
1458	3	0	10063	2008ff7da7ef2e2d08308c2734041beb
3386	106	5	13866,10063	b455f84f94cadc16a8b7ae063efd29a4
3386	183	1	10063,13866,10111	9ffc3a9da3bcd889a3ca6b3292548bd1
3386	1	1	10059,10076,10075,10083,10006,10077,10063,10110	67790398924d2e84f3f2d24c916f35d7
3427	3	5	13866,10111	5f4cc8feb2e20a6cc21f28ab09db4386
3427	216	1	13776	9ec2045593ce465437d36e6b8a8b54ba
3427	216	1	null	9ec2045593ce465437d36e6b8a8b54ba
3386	80	5	10057,10063,10110	1e1eeee91c9df086ff01df4970557f9f
3427	15	5	13866,10111	694b5995e7a25de93b367b4406152b22
3386	275	1	null	89e383a096941c59f19261a3219c6630
3427	216	1	10057,10063,10052,10059,13866,10006,10111	40bad954ecbad2fb766ff0dcbacdbeb4
3427	276	5	null	20dd3659d391d29182e077af45ca1143
3427	164	1	null	e44e2e4e7679714a32de96052f63c315
3386	1	1	null	9295318fd5ba8b191ffb0574cf3fd018
3386	106	5	10063,13866,11379,10111	fe287c6ffe42f57090b799d85e4c47dd
3386	106	5	10063,13866,11379,10111	fe287c6ffe42f57090b799d85e4c47dd
3386	106	5	10063,13866,11379,10111	fe287c6ffe42f57090b799d85e4c47dd
3386	80	5	null	1e1eeee91c9df086ff01df4970557f9f
3386	80	1	13776,10006,14273,10083,10110	2e06ea0157bec5733a519dc77598e37d
3386	106	5	10063,13866,11379,10111	fe287c6ffe42f57090b799d85e4c47dd
3386	3	5	10006,10063,10076,10110	cafa3a2618ff8e967b1e4ed9eaddf885
3386	106	5	10063,13866,11379,10111	fe287c6ffe42f57090b799d85e4c47dd
3427	124	0	10006,10024,13403,10063	c38eca9972a98a0d8e255c2760f61b0f
3427	275	0	10063	12169aba42752f5c8773d0e7f0fe0605
3427	80	0	10063,10006,10024	f7118fd9d044d05520453b6bf720b10d
3476	124	0	13042,10063,10031,10006,13403,10110	a5eb1f1f286236fe50b385bf3827a497
1458	79	0	null	620ba8c58eae7cd9281ea88f3d04f93a
1458	216	0	10006,13800,10052,10110	98e840f1bef75b97279b09f1d643428b
1458	80	0	11379,10006,10063,13866,10111	3ced4044f296a596ecb9372cd8ded93e
3476	276	0	10063,10006,10057,10075,10110	6046efdd47cde0369dcc61978a4ac316
1458	1	1	10006,10093,10063,10110	75ae508af2c0586cf30b8ab7973fce7f
1458	1	0	null	cda3464fde6c51a536548ca2a1923025
3427	15	0	10063,13800,10059,10006,10057,10024,10052,10110	19650cd0b3e1df246f93a3babe37fb5e
3427	55	0	10059,10048,10057,10031,10024,13042,10075,10006,10083,10093,13800,10076,13403,10063,10052,10110	27abc89fac1d875c5a9b43df6f933758
3386	216	0	10063,10093,10006,10031,13042,10083,10110	781af458948524c05aab9c85421c44aa
3476	276	0	10059,10063,13403,14273,10057,10006,10111	5b230cda8eabd7a908de7fbe90965ab6
3427	124	0	10063,10006,13403,10110	f092109ea4f040cfc34aea5292223278
1458	333	0	10006,10024,10057,10063,10059,10111	490dc64ff0dad7e9b81a12ab9e522974
1458	276	1	null	81458dc98093ad3e727edcbe3777dbe2
1458	276	1	null	81458dc98093ad3e727edcbe3777dbe2
1458	183	1	10063,13866,10006,10110	30d2315c729619b6c407a500121df8be
3386	276	0	10006,10110	e81869e161fd720256072326f3a06d0
1458	276	0	10031,10110	ba8e2f639b3c68aa9e135a6a0c41135c
1458	164	0	null	d0ff0cda90c22d2a25b6ddef14b5b7bc
3386	216	0	10063,10057,10059,10006,10083,13403,10110	15eed600cf3af2f7b2c1601bb059c83a
3476	216	0	10052,13403,10031,10006,13042,10093,13496,10110	76667e8b210b6e04b523d7ced214c311
1458	79	0	10083,10075,10031,10006,10063,13403,10110	6bc8da7f37aabf273990005852a87027
1458	201	0	13403,13866,10063,10059,10006,10083,10110	f66830fcc959ff09cac879c5e37435d3
3476	308	1	10006,10110	c81328378137608bdfe5fec2e9f27687
3386	94	0	10076,10006	6919ee5ddaa7797284d1a2ad4af5316b
3358	79	1	10048,10063,10006	ec8d7ce73e46ae9640dfd7a6c0be0b7a
1458	0	1	13042,13866,10063,10111	7a76c6a94996041a2a138813f202326
1458	80	1	10006,13866,10111	482a57902c1f65e2f89d34aacc61beff
3427	146	0	10052,10057,14273,10063,10006,10110	9a6f4ad800f87148a47607d0fe31f97f
3427	79	0	10063,10093,10006,10110	ce02dea32b0060d6ee28e287cd267881
3358	393	1	10684	13791cb05bdd073a0ef79f97cae6dfd1
3358	344	0	13496,10063,13866,10093,10057,10110	78084d435499cc4c7a4a5391d44c494a
3358	216	0	13403,10006,10024,10093	1228435e8d54a1f239108ae9a90ed3ed
1458	15	0	11278,10063,13866,10111	7dbccf544f0fe8ec241bf25ac52f078c
1458	2	1	null	b20ad17ba5d4334599ca2fc8f60a36c9
1458	146	0	10083,10063,10110	f2429ba0640785b9ba9950770556f4a9
1458	80	1	null	74af4dd3ddd38770466ffcd82bffb477
1458	80	1	null	74af4dd3ddd38770466ffcd82bffb477
3476	164	0	10075,10006,13403,10083,10024,10063,10110	3dd6ce9de5293b467c2cbe26d0927330
3386	308	0	13678,10024,10093,10077,10063,10111	531515ba57644769d778e8992d45ed59
1458	124	0	10063,10059,10006,10111	9c8e23a31ba5b6b9d4fa11fa91584537
1458	146	0	10006,13403	8df74f4836d94e94c86fe3c25477ca38
1458	80	0	10075,10063,10006,10110	f7124836d2177ede273058e9771eafe4
3427	106	1	10006,10063,10110	722c41eba41da7c1a688599d9116e931
3386	164	0	null	2459ff126930778e28d4f0c3c6010e8d
3427	15	1	null	e12a0b633ae1ed3257a313391a3fbcea
3427	40	1	10063,13403,13866,10111	aca2f8b14f9d19ed6467e9c5403a09cd
3386	164	1	10063	40bf9e8fb6a47d49e8fcbfc16be13a84
3386	164	1	10063	40bf9e8fb6a47d49e8fcbfc16be13a84
3386	164	1	10063	40bf9e8fb6a47d49e8fcbfc16be13a84
3386	106	0	10063	add6f110a53844ff4d49aae0d9400189
3476	216	1	10083,10075,10006,10063,10110	eb5c2072ec72a0f11f369fcbf8b8d429
3427	368	0	null	bbb2314a5306b6d2bedfb849e61c99c8
1458	2	1	null	836d74ddca2f1798e384b49e51b5a59b
3358	15	0	13776,10111	185dd4121292d0da408cdc23c3910d3d
1458	55	1	null	f8bcef823cb984b3686e8d6605a8399c
3386	276	1	10006,10063	47e9b2ccfe7d45c656ac3559fc19c735
3427	276	1	null	1c4cc76c9db7c417c91a201c5e1cd9aa
1458	80	0	10063	42f80202e5a1822b30a3545546f5df27
1458	275	0	11278,10111	f45ed7c3e979bfc5dde732aad64a035d
3358	40	1	10006,10074,10063,10110	8003005c5e8ca61b891fad539a67aced
1458	164	0	10059,10057,10063,10006,10052,13866,10110	ab2972060182e8c2ca123e7e3618b152
1458	80	1	10059,10006,10083,16661,10063,10110	d6a3c2c636ee629768e7c72fcfcd1f19
1458	80	1	10059,10006,10083,16661,10063,10110	d6a3c2c636ee629768e7c72fcfcd1f19
1458	238	1	10075,10006,13678,10024,10110	ec3cabfdb55dee078e5662c5e15fc095
3476	80	1	10006,10063,10110	493ec3d91989188dbef623fb09964547
3476	146	0	10063,10006,10052,13403,10075,10031,10083,10059,14273,10057,10110	2a4dcd44947d4a932b0aa6d079a6a58d
3476	40	0	10031,10063,10006,10052,10110	64b1b7e3c3bc25472c255a3c280b40d3
3427	106	0	10006,10024,10031,10074,10079,10063,10075,10083,10093,10059,10067,10057,13866,10076,10111	6e13238fefec9e692aaf4397b7dea664
3427	80	0	10006,10083,10052,10063,10031,10110	1aa3363c170abea8f48bc2a6ebb78471
3386	216	0	null	fa5cbc6e6bfe9357ba146b552e40c6a8
3386	216	0	null	da5f1a8e3cb4018044cbbf8cb7db5ca1
3427	0	5	10063,16661,13042,13866,10024,10684,10059,13678,11423,11379,11278,10111	4fa8f3d1fd408d42762911f9ba255c04
3427	3	0	null	4e1969bcae14ba6d27ee6fa5dfa04d90
3427	374	0	10006,10059,10076,10075,13776,10031,10111	de1c8df7b0c302945d33a5c0ba123df4
3386	3	0	null	3a9a0478a0ee7f61ffad89b8c3933ca1
3476	80	0	13866,14273,13800,10006,10110	e9081185ceb04d0f12054f8650831b87
3358	216	0	10006,10063,13800	e329e32d817a70306ab08601b300e2ed
3386	216	1	10006,13866,10111	d336a36e055bb27ce741d66b6f623186
3386	298	1	10063,10111	6b03195d4e9a2900d70956ed5e594306
3427	27	5	10052,11423,13042,10110	d86fd045e36129aae505cc2c48f12f7
3476	238	0	null	49ba03ed87acb7951a03d9b48fdb942d
3476	276	0	10059,10006,10083,10063,13042,10031,10110	136de8ebd98db691b8c6ece78d2cd8bb
1458	106	1	10063,10006,10110	f67c3a138eb6cf5967f19f4e67761b68
1458	3	0	13042,10059,10006,10075,10077,10063,13403,10111	a275391a855f178e4145274e67901ace
1458	55	0	10006	d0672709eb0308f67f4db703f97d2c84
1458	27	0	10006,10083,10024,10063,10110	797263383eb5fe38c1ded5dc97c36ea
1458	55	0	10075,10076,10006,10059,10063,10077,10111	403d2175c2e6115d6d63a2527f87efc6
3476	374	0	10057,10052,10077,10006,10093,13800,10031,10063,13403,13042,10059,10083,14273,10110	e1f8744c53a560626d4d3ac7c957a1a7
3476	359	0	10059,13776,10031,10057,10083,10006,10063,10052,10024,13800,10110	407658abb10cdc72537f6fed7ecd4ef7
1458	216	1	10006,10077,10110	b7d8750aec86f047c604bad14b00a489
3427	333	0	10006,10063,10083,13800,10111	1d506d93e4ad7da025ed64aaabeb1c82
3476	3	1	13042,13403,10031,10006,10110	45178217c1373c8028c3012abbb69b32
3386	15	0	10063,10093	ede8d1cbfbd92384a9e8ebc0c45ae461
3386	216	0	10052,10006,13800,10110	a96882ac86b739a6be104e49fc551cc4
3386	79	0	10063	a16547a364747600fec5f8acc1d996c3
3386	333	0	10063,10024,10031,10006,10075,10110	e3293193824134ca801f2ed8671bccca
3427	216	0	10077,10006,11944,10075,10052,10059,10067,10083,10063,10111	efe5a2d43328d98a485426681cf54401
3386	216	1	null	eaa6ab7a60af787fe2b31e1f32a0b192
3386	164	1	13776,10063	3d0f35c032c34abd9e594be01ab4ae3e
3386	183	5	13042,10684,13866,10052,10110	269c32841efebc70bef1c0736dbbd2b5
1458	134	1	10006,10075,10024,10074,10083,10063,13800,10111	e4ed8e2cb6ae9f94d86527db45fe20b2
3427	333	0	13403,10057,10024,10031,10006,10077,10083,10063,10111	a4173fa83736bd3af186bb2bd1f0bcd4
3386	183	5	13042,10684,13866,10052,10110	269c32841efebc70bef1c0736dbbd2b5
3386	183	5	13042,10684,13866,10052,10110	269c32841efebc70bef1c0736dbbd2b5
3358	394	5	null	e3e9aafa7d15641da7217ab907de0b95
3386	183	5	13042,10684,13866,10052,10110	269c32841efebc70bef1c0736dbbd2b5
3358	0	5	11423,11379,16661,10684,10111	31b6f647418be3a12462217c6a2f05a6
3358	0	5	11423,11379,16661,10684,10111	31b6f647418be3a12462217c6a2f05a6
3358	216	1	null	b65c8377069257aa3e578b69169c8d94
3386	55	0	13866	791908f5bfa736a8e9afce27a6c31fe6
3386	55	0	10031,10063	b76fe2502b87dcdc5447295fdc3c4b3b
3476	216	0	10063,10031,10057,10052,13403,14273,10006,13042,10110	d54d9885c050a768498321173d145e7c
1458	1	0	10031,10083,10063,10006,10110	967cc46c86aa25760cb46c018983954b
3386	238	0	10006,13403,10063	d7814974811acb85ed2645d44e04edc3
3386	55	0	10006,10024,10077,10111	cbc70fc86c43ff527f9c46627a83f5f4
1458	201	0	10063,10052,10684,10111	a773f66bfe87a819a160898b72d056ed
1458	201	0	13800,10093,10024,13866,13776,13496,10063,10111	75f7fe3d1ebc67c7ddeba16ae69f31d4
1458	201	0	13776	132bda74205a5b944e77900ec3a34dd3
3476	276	0	10063,10031,10110	28e6a19bfd3a678ca51eae9baa76a192
1458	183	1	10076,10059,10075,13403,10083,13496,10031,10077,10067,10093,10048,10079,10006,11379,10063,10057,13866,13800,10024,10052,13776,10074,14273,11278,10111	fe4c8e58c16b29259b40d594e9e6db33
3358	394	5	null	e3e9aafa7d15641da7217ab907de0b95
3358	216	0	null	7335209259d53fef3cd7a648c789e540
3476	106	5	10063,10006,10110	4740637d23168372f970445275ffe0f8
1458	94	1	10063,13866,10006,10111	eaaa0836f28fec8c064fdc104efc2328
1458	201	0	13776,13042,10006,10031,10063,10110	432381e622321c2df7e299bdf942a077
1458	3	0	10083,10006,10063,10075,10111	2cb28f92a51b98a57253ea82182d74a9
3427	79	0	10063	b39dbbd9a7b9bb0eb621979081f234ff
1458	146	1	13042,10031,10110	ce58d8ab79a05a4ce601dca5702b2142
1458	298	1	10024,10006,10052,10063	9d86c2cfe15b89c3f034955350eadc7b
3386	80	0	13403,10006,13866,10110	b4373e48be5620e3b77a949faf0948
3476	80	0	10075,10059,10006,10057,10077,10083,10063,10024,10031,13042,10110	39d9fe74d8157aaa923f31d668378575
3476	3	0	10075,10006,10083,10076,10110	b6ffe6b23fde5a9dfa11bf80f5a4af1d
3386	1	0	10024,10063,10052,10057,10006,10110	7728ab82863aea58f51f704b4408fd9f
3476	276	0	13042,10031,10063,10079,10006,10075,10052,10110	8e456b3b43e4c9ad9ab7065ddf0219c7
3427	146	1	13042,10059,13866,10006,10077,10063,10048,10024,10031,13800,10110	1ca6b239c3ecf0fd0aa4c9eef97c9f65
1458	27	0	10057,10006,10077,10063,10075,10083,13042,10031,10110	f9ca4912e8fb162a11acdcc306e5e1bc
3386	124	5	10006	5a12dc64e324723b9480c4359b7c38d1
3386	80	1	13866,10076,10006,10093,10063,10111	81a48f3e274d1aa9f5aa09d947c92b50
3427	80	0	10075,13403,10077,10063,10006,10059,10052,14273,10111	16922009678adab5900fefb7e5d6b16f
3386	164	1	13866,13496,10057,10093,10063,10111	457781505b8130fec5846742357016af
3386	80	0	13403,10006,10052,10075,10048,10057,10063,10031,10083,10024,14273,10059,10110	34c36ad9fdc9e1735eb115b670b7b23d
3427	368	0	10024,10006,10063	5743e96bbefce7ddaafb15dcb9423503
3427	3	0	10111	31aa32980d3483e1dd3107a517ee689c
3427	15	0	10057,10052,11379,10110	91454f56f117d68f2c198bea9b048bb1
3476	333	0	10063	ab79fa760b4118387bd08d5c3c426783
1458	374	0	null	1a8cbc1a50beab0a0aab4b2952052d82
3386	216	0	10083,10052,13403,10024,14273,10057,13866,10006,10063,10093,10110	cdbfef06aa429a0d97c54be749e91891
3476	146	1	10006,10031,13042,10063,10684,10110	7bbcb2a0ae184cec7373719d2974d81b
3386	2	0	10063,13403,10006	26d041d9586c228fe4fb8d402bb8bb0b
3476	298	5	10006,10110	9bcca5abe76e383eb2bd60b6b960eea8
3476	94	0	10075,10076,10006,10093,10063,10110	84b75e9787b4c0f93b18da8bb33b662c
1458	79	0	10063	99d6d1711d765f88d27f855bf6b187dc
1458	216	1	10059,10057,10052,10024,13800,10006,10083,10093,10110	9f2387dab694f26831085ad7da64640f
3427	164	1	13403,13866,10111	c6d987113eec1b7ae5f65e4aa59111c3
3427	106	1	10006,10063,10110	dccaede0b40ffd68b5b0d748ed2d2d57
3427	183	0	10063,10110	ede935eebfdffb1b63f6456d4920198b
3386	201	5	13042,10063,10684,10052,10110	80aea2080cf099215cfab12f1d2698cf
3386	201	5	13042,10063,10684,10052,10110	80aea2080cf099215cfab12f1d2698cf
1458	216	0	null	ff55e5c10c5c06cb875ee32b14a904b5
1458	79	0	13042,10006,10057,10031,10063,14273,10110	6cb3d4b0a2b5c1e3550e70bed39c1215
1458	216	0	13042,10063,10052,14273,10684,10006,13403,10083,13800,10057,10059,10031,10024,10048,10110	b8d26cb7f0be060e6fd542a73dc1ebb9
3476	216	0	13403,10075,10006,10110	51116de1153aefe8d1f1e2afbe393a2b
3386	183	1	10063	ad70d0a5af39d9dc5c5536843ae907e6
1458	80	0	10063,13776,10006	6780fe9095ac6c0234caa42089e185a3
3476	94	0	null	46942e449f12b5441167a3b2d5ddb2bd
3476	80	1	10063,10057,10075,10031,10024,10083,10006,10076,13866,10110	c9ba2f4eddb25e6772120ad5da4f7c97
3476	275	0	10063,10031,13403,10006,10110	d3bc402d2dbc10c86f77ee06c5f1ed8e
3427	1	0	10024,10063,10006,10057,10083,10110	9e6bf6960dcab53756a4e452bbdb3593
3386	146	0	10006,10024,10063,10031,10083,10110	6f4a50f66f1f00fc623d3b21d83d555
1458	40	0	null	d4f79964cf0d89905263c6777ff67f5c
1458	216	1	10006,10110	cba94601d038652fb4c579c57f81da82
1458	79	1	13042,13866,13403,10063,10111	1e07b3706484ed9ee3c31c6711e683e8
1458	3	1	10063,10006,13403,10110	a7886d3d2575915acd1735ce4dd4897c
3476	79	1	13042,10093,13866,10083,10031,10006,10063,10075,13800,10067,10024,10052,10110	457edbf9ad87932851b6d6e271c0a03b
3386	124	5	13866,10063,10111	b8f6f6eb15f7ced6a6301d400c73698e
3386	164	1	10006,10110	64ee618c736c81aa72f6f0574fe2738a
3386	3	0	13776	7fd541b9a19ccd05e87b9135f47d2fc5
3386	216	0	13866,10063,10057,10110	b3cdaf74349bf99d64bf5bc217adca47
3386	1	0	10059,10063,10006,10077,10111	bee7d42f920495cdee4749ec4d85be13
1458	94	1	13866,10111	196929b8ff24c8a15558ec0be8edb9b4
3358	183	0	null	9bcb948088aff9ad82f1d0e1cfba0834
1458	55	0	10102,10052,13496,10093	ac9a9f642aaa6348b19cc6e3f6f0727b
3476	308	0	10063,10031,10006,10057,13042,10110	b79f2b9a88cc843bde3ea8570553aa50
3358	308	5	13866	5907f8c18650343149537669237126b9
3358	374	1	null	c082fbe9c40831e8e8be1399b37522d8
3476	146	1	10063,10075,10076,10006,10102,10093,10110	b6c0b1e9e5edfaf8a24dd8304baecc95
3358	374	1	null	c082fbe9c40831e8e8be1399b37522d8
3358	374	1	null	c082fbe9c40831e8e8be1399b37522d8
3358	393	1	13866	11f64f2d26006ceb7841646b721a70da
3427	276	0	10077,10063,10031,10006,10110	71da934faa3cf125abc57d88617f9ced
1458	2	0	10052,10063,13403,10031,10077,10057,10083,10006,10110	151370dc05ce7b3abf418fea63d51c7d
3427	276	5	10052,13866,10684,10111	96c67663d4c19350ef4a58b24dedf2eb
3427	333	1	10006,10063,10110	2318257d50462736962e1edcf2a209c2
3427	1	1	10063	e46f9b60dcee1f6d331cf9bce97a21cc
3427	395	5	10077,10052,10684,10111	936ae982708c3b876cca7ab1a0d604f5
3427	201	5	10052	9a681e52cd22abd114860dd18a50a18
1458	79	1	10077,10059,11278,10083,10052,10006,10031,13042,10063,10076,10057,10075,13866,10111	adf7632c63779d78f3a5fb73ea2e8c8e
3358	1	0	10052,13800,10006	409b600b7b1c4f4256e9f0e84c485588
3386	146	5	10052	af0dff8339710a544cee70ed4e7e3c4e
3476	276	0	10048,10075,10006,13403,10031,10083,10074,10079,10052,10059,10063,10110	2008ee2c8f67188855c2f76910db3753
3476	134	0	10063,10024,10057,10006,13403,10052,10075,10083,10110	39e83e86c88c0abd5e752fa91cc53bd7
3476	238	1	13042,10063,10110	680a9bfaf86947dde14c230a25de8867
3476	216	1	10063,10110	4a97a02f7887e589dd8d673a067f376d
3476	238	1	13042,10063,10110	680a9bfaf86947dde14c230a25de8867
3476	55	0	13403,10063,10083,10006,10031,10024,10110	b60a1dc3b2f37d45d86046e74bf1d63
3386	276	5	10052,13866,10684,10111	6722bfc804944497b91894c00daf0225
3386	394	5	10063,13866,10111	ba234d243f1b19149d5787c0fc243fa3
1458	216	0	13866,10063,10083,10110	7377cf0e272fde4a5325f3d3479c5624
1458	308	0	null	71c483803e9db2b137e9d7375e4eb466
3476	275	0	10083,11576,10063,10684,10052,10110	a14acfd204b2962c2d46af4cff8a68b3
3386	344	0	10006	9afb50087dc7844aedad92219f53b33c
3476	27	0	13042,10031,10006,10052,13403,10063,13776,10110	94d4d086653a20b5716174f75274029
3476	1	1	10031,10006,14273,10083,10052,10063,10110	636624759c950f575d8e460edc0237d6
3386	216	0	10063,10075,10057,10102,10006,10052,10083,10024,10110	ae82a3d36dde1bdbbc3f8c5b838a956c
1458	216	0	10006,10063,10077,10024,10111	5121344c5b28788b2926743d7c252d17
3476	80	1	10093,10006,10083,10059,10077,10063,10048,10024,10075,10052,10057,10076,10111	49461d89c2e07bfffebf0ecb6694641a
1458	55	0	10006	2a26e58c74f2b0a8ce5760cd0ecc3c77
1458	3	1	13866	bb05812a5a0011923d510544347b8332
1458	94	0	13866	5ce79bfb99848e19369228863e3304f
1458	216	0	10006,13866,10075,10074,10093,10063,10059,10024,10111	4f64c9e0b0aad7460fbea3f01007eff8
1458	276	0	10075,10052,13042,10006,10024,10048,10031,10059,10110	ec29e8afd3b82b349f7d68ac2ec61ebf
3386	94	0	null	26ae9709772f9eb03e892667bda7adf0
1458	79	0	13800,10024,11278,10063,10006,13866,10111	f8608e30da4d429aa62ce0af36507fbc
3476	94	0	10075,10059,10031,10052,13403,10006,10063,10083,10110	5eecb81204556e89466842ca3da20102
3476	394	0	10031,10024,10075,13403,10006,10063,10110	a337a2b5f030e8f89ba2924b93c55041
3386	146	1	10063,10024	8020d8525513a9444517adf64b3a21c9
3476	164	0	10006,10024,10063,10075,10052,10031,10057,10059,13403,10110	3048f597df7eb842b9319d49464297bf
1458	146	1	10024,10006,13042,10083,10031,10063,13866,10111	3a486ced4846d214910e5bebe60eb299
1458	201	1	13800,11278,10024,10063,13866,10059,10006,10111	f30f849a93c196304030aa007b3d3240
1458	238	0	10063,10006,10079,10075,10059,10083,10057,13403,10024,10067,10077,10111	44d7d3df8d118f870d47aa33ec31ce79
1458	134	1	13866,10063,10111	21a1ea9708718fa025694f3ffa660f23
3476	15	0	13866,10074,13800,10006,10079,10063,10024,10075,10111	af914edb3f2baf55e234e94bec0776ea
3386	298	0	10075,10031,10006,10059,10063,10111	c4b9b04dd6209d5fecebaf0551fe711c
3476	146	0	10024,13403,10006,10063,10110	57aa8c1a316f240f2811e9f3700a41cd
3476	344	1	10063,10006,10110	8d840db0c0faf0bfebe60877a69894b6
3358	15	1	13403,10063,10006,10110	ed6538573a7a03307e0952ae68cf1e2f
1458	146	0	10006,10052,10057,10063,10111	3ec79d177708cf9357799db06dbc4d87
3386	164	0	10083,10031,10006,10052,10077,10111	733418c7e0826fe8dbdb615c67d3da95
3386	164	0	10083,10031,10006,10052,10077,10111	733418c7e0826fe8dbdb615c67d3da95
1458	333	0	10057,10024,10006	4eb46591ae3d24cd23ffb5866e8e17a8
1458	333	0	null	6600bc3d6902b490a1f6577fb629966b
3386	15	0	10052,10031,10006,10110	28bbdbf6bd204bcfa38edae9cd010b10
1458	374	0	10057	b00e2535809e99596882727763669d51
1458	359	0	10063	6b7c2ff6b6c0c5dc881f880e590f3e64
3386	216	0	null	733dea008dcf41919a25721fb53a4b21
1458	344	0	null	c08af374625832612f18e0ffc15091ac
3476	1	0	13403,13866,10024,10006,10063,10052,13800,10110	79d8e1f9edd79dbad73c9bce193ced13
3386	0	5	null	8ed530f4cbd6f116cee36e63122b0031
3476	65	1	null	c51ace3141f3f5e6783a65b4a81ac0d5
3386	164	1	10063	48377c333c5ec2bd8d44b71378d9225
3386	80	1	10006,10024,13800,10067,10063,10052,10110	e3ddf5cfdc4fe016fcb7bd92168cb9a8
3386	2	1	13866,10063,10006,10111	56480fcd0fdfa1c9b0b7a1b6833c886d
3386	1	1	10063	60840329afd08745f9b1547eb5d57ee9
3476	94	0	null	a05107d0285c640efd2dc7371be57c76
3386	3	1	13866	41fde970d3f74299d31ae0a5d7828d40
3476	216	0	10052,10075,10024,13866,10006,10083,10031,10059,13042,10063,10110	969e29d46e8688ca5e799a09cf6ecdc6
3476	94	0	10052,10083,10031,10006,10063,10075,13042,10110	596fac463b9247b0d2312e53ae42dc46
3386	216	0	14273,13776,10031,10006,13042,10063,10110	45e8e19f4aea0dfd5edc3f32b311aa4b
1458	80	1	13866,10063,10111	998f44475918771f2be1c4b69ec0424
3386	333	0	10063	9973ec5fb74e1cb7b3c0f41ce811740f
1458	1	0	10063,10059,10006,10111	f6191112f53ee0bcd3f1372a7ab38cb4
3386	94	0	10063,10006	eb4ad08920ce0f9f5343adfd453e441c
3476	2	1	10075,10093,10063,10057,10077,10083,10074,13403,13776,10006,10110	d15e4e43caa433d9c66bd8d041bd9a60
3476	216	0	10006,14273,10052,10110	6826243e43f8adadce5c6ffa831e1d8a
3386	0	5	14273,10083,13866,10684,10063,10052,11423,10111	8025e82778ee0f9085c8a643e49b8e77
3386	3	0	10059,10006,10063,13403,10111	7471dc0f2a5ce1e69e02ad9f81460360
3358	80	1	13800,10063,10006,10024,10093	2b14aed911b0f6ebf88dbf61e7660ad4
3358	394	5	10006,13042,10048,10063,10031,10024,10110	61eb6e1f413374bc004aec18ef80ba63
3358	80	5	null	962387044fc95b8aaaad8b9b71c17dca
3358	80	5	null	962387044fc95b8aaaad8b9b71c17dca
3358	15	5	null	ccad1ba72e6c8ee357ce521645f31554
3386	106	0	10063,10057,10031,10006,14273,10110	311264da2e51206cf1c855039128d9e0
1458	164	0	10006,10063,14273,10059,10111	1c77edd1fdb64034e5c01c874dae0ff3
3476	94	5	13866,13403,10006,10052,13776,10031,10111	2c8c7db52186d9e6514b5681a2356130
3358	3	0	10063,10111	6fa5c6508f767d427ee11ac281194915
1458	183	0	10059,10006,10083,10063,10110	84774037a88ef5ba75ffdc37e170dc95
1458	333	0	13866	d62583e3d39e35959e50ae142fe91717
1458	374	0	10057,13866,10052,10077,10006,10031,10063,10111	395177d96a1678a7ddf247ee20fa110d
1458	216	0	10024,11724,10684,14273,10006,10067,10063,10111	fb26cc9c10ce50c70a68abf8971eca22
1458	183	1	10063,13866,10111	b76e3ade85f160939b874dc000848c2d
3386	183	5	10063,10006,10075,13866,10111	705bbabff7769b0ca18fe809d36646
3386	216	1	10052,10063,10006,10110	dbeac4fe59a42d11daef9207bc463051
1458	3	0	10052,10031,10063,10006,10059,10111	37347f0a8a48d936efddf374e84bae8f
3476	55	0	10006,10031,10063,10059,13042,10024,10083,10057,13403,13866,10110	ebbab781b66da86af5789d20195a546
3476	15	0	10006,10075,10063,13866,10110	432ff1055f05807d275e112800f4a0f8
3476	276	0	10083,10063,14273,10057,10110	300935f09774da8dec5c2516d289149c
3386	124	1	13800,10052,10076,14273,10024,10006,10063,10110	c991bf253e730dcc724dc539b98cf6ca
1458	275	0	10063,10006,10111	dd6e12b7ecf57f4a2fad2e15fafad367
1458	94	0	13800	28e6c5ad40352e8fa160c7599ed04781
1458	275	0	10024,13800	b1a669f5085288b190d1378b17663a75
1458	276	0	13866,10024,10006,10052,13403,10063,10110	b1585dd1b7107fbf2763f2764a36d1a0
1458	216	1	10063,11278,10111	f1495a32558a729c8861bd0c1faa9547
3386	124	1	13800,10052,10076,14273,10024,10006,10063,10110	c991bf253e730dcc724dc539b98cf6ca
3386	276	0	10063,10111	f2e184d17eb21055c2fb5e1b76f58e8b
3386	134	0	10006,10024,10063,13800,10110	d24b467089107f2a1af2fe292fb45a4c
3386	164	0	10052,10063,14273,10006	2a8bab9452aa78ac796b06e5d4ec49d3
1458	40	0	10063,10075,10031,10059,10077,11278,10024,10111	b952e6594ed76164a25124b830499af0
3386	164	0	13403,10063,10006	b59e3d937bd5aaf341d22efddb8a02ab
3358	79	1	null	ba80cdf5382bab33c27b9d61da80d9
3358	106	5	13042,10024,13866,10075,10006,10031,10110	7af991a050f24011d6087a2ec2fac573
3358	27	0	10059,10083,16706,10093,13042,10031,10006,10110	9104122931a8d4750aba3cf2602cd3f4
3358	276	0	13776,10057,11092,10684	be3dfa57656ddfeea17910f419a79253
3358	27	0	13800,10024,10006	51b2e91ecafa2173810366eae6ecbb60
3358	80	1	13866,10111	3226773f7f71910c7de4952717aecdf8
1458	276	1	10059,11423,10006,13403,10083,10075,10024,10063,13866,10074,10079,10111	70eac303b257a65a11f7574a108a86fd
1458	164	1	null	7d32c07f64b794295eee066cc22050f7
3358	146	1	null	a3db1224d883286ef9b198b13dc052a5
3476	0	0	10031,13042,10083,10024,13866,10063,10110	eeee03007bfc72faaa54296c8a6298d6
3386	276	5	null	3b4337f5f1cf8b3e7745789efb8b0133
3386	276	5	null	3b4337f5f1cf8b3e7745789efb8b0133
3386	333	1	10006,10063,13800	79c026a424c7019b0ae3fedaed366f07
3386	333	1	10006,10063,13800	79c026a424c7019b0ae3fedaed366f07
3386	276	5	null	3b4337f5f1cf8b3e7745789efb8b0133
3386	94	5	null	ed00b6621148f4cbe29fbccc7713b538
3386	333	1	10006,10063,13800	79c026a424c7019b0ae3fedaed366f07
3386	276	5	null	3b4337f5f1cf8b3e7745789efb8b0133
3386	79	0	10111	11534bc8c50064784d3b27a99a02376c
3386	276	0	null	855cac20cc3a78a2a3c9267de7c13937
3386	374	0	null	ac7fbed42ca6272e26af24b1fc2e68f1
3386	94	5	null	ed00b6621148f4cbe29fbccc7713b538
3476	15	0	10006,13776,10077,10031,10063,13042,10110	53f1c68583a3688a989c47b2452c9701
3476	80	1	13403,10063,10031,10006,10048,10052,10024,10093,10111	a8480190d64d93679870e2bfdbea94cd
3386	333	0	10006	4d291dcbf5381970eb071316b9d30d02
1458	80	0	null	4aa2906445dbbbdab31bc004d0b723c5
1458	333	0	10063,10006,13866,10111	3515668e72bd14696e7b0490783995
1458	216	0	13403,10006,13042,10031,10063,10110	6ddff1f4808efa37de8b1f7d009af30e
1458	275	0	13800	db41065fa7262c9a91c3590e619e1c97
1458	80	0	13800,11278,10111	24e8f05de759715b4fc69eaafbec1c79
1458	308	0	null	d7ef21b87744839ff09ecbbb88619ec9
1458	253	0	null	e4c6ff21579b1b789c0158ac7e99049
3386	216	0	null	8b0b71659b72fcc013550f28cb391d0e
3386	3	0	10063	a1de5e5ce292ca227f6a8c1c3aaf1e89
3476	393	0	10063	171a3fb0413e746286908827916862d3
3386	3	0	10063	a1de5e5ce292ca227f6a8c1c3aaf1e89
3358	344	0	13800,10093,10063,10006	18d5cbac105a7915c72b70553d97bfc5
1458	298	1	10076,10083,10006,10079,10075,10052,13866,10024,10063,10111	69f2ea7247ffc4de60d206af89e6ece7
3386	15	0	10063,10006	6b182137c6e9326e3bc84c8152695a67
1458	146	1	10024,10059,10052,10031,10006,13800,10063,13403,10057,10110	cc1abc9e66843dff55e31fed8d911fea
1458	333	0	10006	7156361ef9a513851dbf40a4102ec9c7
3476	80	0	10059,13042,10052,10093,10006,13403,13866,10031,10063,10083,13800,10048,10110	c033c9c7939b27660e8b29a612088a63
3386	238	5	10063,10059,10006,10110	15be1df387ac94632cde353c1dfd6a1a
3386	276	5	13866,10111	bde4834bdc23087fe5dd9fa6eac45d7b
3386	276	5	13866,10111	bde4834bdc23087fe5dd9fa6eac45d7b
3386	276	5	13866,10111	bde4834bdc23087fe5dd9fa6eac45d7b
3386	276	5	13866,10111	bde4834bdc23087fe5dd9fa6eac45d7b
3386	276	5	13866,10111	bde4834bdc23087fe5dd9fa6eac45d7b
3386	80	5	null	bbade260bc06fab60455e1184cd8f9ed
3386	80	5	null	bbade260bc06fab60455e1184cd8f9ed
1458	0	0	10057,10006,10063,13866,10076,10110	55cb119f05aa5726930c802786059438
3476	124	0	13800,10031,10006,13866,10063,10024,10111	71d05e9379e18c0650c51f3c837e97f7
1458	3	0	null	f80dc95beb2f578402e746323eee41c1
1458	80	0	10076,10063,10079,10031,13403,10059,10083,10074,10052,10077,10057,10048,10024,10093,10075,10006,13776,10111	d8ce6469c0c64f1b8caba30bed4c73fe
3358	146	0	10006,13403,10110	616c94448d1f6e15d2db06050003c4f1
1458	65	1	10031,10006,13042,10063,10110	192a3e619d6295ce2dc25e87cc9b0256
3358	216	0	10006,10063	ccfd5e7d7f4c4aec37378ddc0576216f
1458	15	0	10063,13866,14273,10057,10006,10024,10111	94e4b5f16eb8dc9e949a09740060cc50
3358	80	0	null	2291b6df045c11039766e23bffb43ffb
3358	276	0	null	ce6ea6cc0fa7554adf5dc0b31415b8c5
3476	333	0	10031,10006,10075,10063,13403,10083,10110	2fef6b3a6f8a8c714b38b6aa4519777
3358	333	0	10083,13776,10059,10057,10110	60ed0414598810e6781a6795214de2f3
1458	368	0	10063,10075,10083,10006,10110	4427eba1c3394b250bf2619e1e7d0394
3386	106	0	10024	fed3d5843c5d64ca9aa666f4f4e90ae1
3386	276	0	10006,10031,10074,10075,13776,10083,10059,10063,13042,10110	f53aaaae88d324a2e99a483f39ed9b3a
3386	40	0	10093,10006,10063	2d2e51e3bef77689257372c872479829
1458	94	1	10006,10063,10024,13866,10111	b7818f646ea84f5111d432dd1fa1dcd1
1458	65	1	13866,10111	b71af1f1bba551a99d58bb76ac95880f
3476	164	0	10083,10063,10006,10057,10031,10110	6636cd0d46eb8c937d9d633eb25ff8a0
3476	55	0	10006,10063,10110	cd2789e7d5565ead06aafa762bc6e236
3476	55	0	10006,10063,10110	cd2789e7d5565ead06aafa762bc6e236
1458	80	0	null	ce43344fea9cd8152552548e50400e0c
1458	298	0	13776	eab18091a451c1e39772b158eb33f284
1458	124	0	13678,10075,10024,13403,10076,10063,10006,10110	ac977004e4555bbe0a5cfd2af3864068
1458	238	0	10006,10110	4a4f101cb9a482230ba75ef19dfadfaf
1458	276	0	10006,10063,10075,13866,10057,10110	c02a4e0c9ebddfd04699d74bf11060f7
3427	80	0	null	286a06365f804bd06a918ad508dfed8a
3427	308	0	10063,13866,10006,10110	b0455d4f0deb0042de7d74491d3abc45
3427	276	0	null	d96aeb719ddf1735c7c0852564acf23
3427	106	0	null	db767b98cfb372c43ddf0ac05edf6408
1458	55	0	10006,10024	d95b04f88f27fc9d3fcfff3505aac732
3358	0	1	13403,10075,10077,10063,10059,10006,10057,10111	c6e4b71c49dffe829594ff0cabcd9084
3427	79	5	13042,13403,13866	643e422fa4859ceb6757ad30e0f8f4e8
3427	393	5	10059,11379,16661,10684,10052,10111	7f780effbf20a5f2029a847f0d4494e
3427	40	1	10063,10006,10075	5d465fdf0cce9b7a5d1ae75634f8a37d
1458	15	1	null	dab38c944fdf4d176011a1d614bc0005
3427	164	1	13866,10063,10111	3fbc02467a9b76c954c0a417e9d37aca
3427	134	0	10063,10006,10110	9ba52e3287665426f3fba1352348513f
1458	216	1	10063,10076,10075,10111	eb956191ff0f562c031eae5cf678ebba
1458	216	1	10063,10076,10075,10111	eb956191ff0f562c031eae5cf678ebba
3427	40	0	16593,10006,10031,10063,13042,13800,10111	736ec3045d42ec2adf286417a1c7f423
3386	94	0	null	cd74d87b096dd9b001f04995d9ea5510
3427	359	0	10063,13866,10076,11092,10006,10110	a8364a68339aba72999be2dfdc28f731
3386	94	0	null	cd74d87b096dd9b001f04995d9ea5510
3427	146	1	10006,14273,10075,10063,10110	77c15a57d6fad8b007f96c872eec8a51
3427	201	1	10063	d4377c3d240c021e6b1c8134505ab914
3476	146	0	10006,13042,10079,10024,11379,13800,10110	b5a830767fb29d5a7d7a352dfe750bf
3427	94	0	10083,10006,10063,11576,10031,10684,10110	a19ac199cea32f73abcac73fc62d51fb
3427	183	0	10063,10059,10024,10006,13776,10111	68dc4efad414edfe0bf9bcd986f20218
3358	134	0	10063,13866,10006,10111	60ffa575a0b6050f9865ca311c864010
3427	80	0	null	d673a90474323ebcefe58daf723eba62
3427	146	0	10006,13042,10079,10024,11379,13800,10110	5525dc2700e7bee42832f0f1c4e1d2ac
3427	183	1	10006,13776,10063,13866,10111	bfa017b020eedb650549612839f75f56
3427	276	0	null	db7feba58831328b6608c6fe1353eed7
3427	15	0	13042,10006,10031,10063,10110	45f97e882320f8ad772d1cb11cf623af
3427	80	0	10006	2ca6c19b11d75cfb0765e9baca8695ae
3427	65	0	10006,10057,10063	943889393b9e1a00c9fca5cec1dc2953
3427	146	1	10063,10006	e7860b27c72e7ef03a9ffb117007c8de
3427	2	0	10076,10006,10110	9abacff0d292b8a29d44d70cc2c6bf9e
3427	298	0	10063,10059,10057,10006,10083,10110	9d8d9db173c54e1214f5a77fc9909aa4
3386	124	0	10024,10059,10063,10111	8b0c862f720f423d344ee2759275fae2
3476	333	0	10024,13678,10110	2688030d093ff2ced21b2cd2346a79d
3427	27	1	null	384bb8fe7528d947fde44937a1b553e4
3427	201	0	10006	3412c2e69c9264619bc8c7abc6dc484f
3427	344	0	13800,10006	c814129a4910ef57fcf5a8c480fa4b8a
3427	333	0	10083,10063,10110	7d5d3176a67b705912bd9234fd84429a
3386	146	0	10031,10057,13874,13042,10006,13866,10110	5c94910eb81273ec4149ed247817672f
3476	55	0	10083,10057,10063,13403,10006,10110	fe7c3c88c5b69aeee34d47a021fbca84
1458	164	0	null	d074412017d0a2edd4a8e070aad3513c
1458	3	0	10006,10110	f7fa41d1ae1137fa40606d55e8ff5ab6
3427	238	1	null	8ad17c82f530aa05c6456888c21e6437
1458	164	0	null	473e568cf7f88fc0424e280860d29202
3427	0	0	10075,13042,10006,13403,10076,14273,10031,10083,10063,10110	a7bdca88a67a637d39744015569c2e12
3476	276	0	10024,10057,10093,13403,13866,10059,14273,10077,10083,10052,10031,10063,10075,10076,10006,10111	6173ffa4172cc9c996d91cfdfb0fd930
1458	146	0	10057,10083,10063,10059,10067,10075,13866,10077,10006,10111	7224ba7e7654deec3fe0057b3077c71f
3386	55	1	null	e570529386d5effa0336a20771e2d826
3476	333	0	10006,10031,10063,10110	8c7250eb058bf690bc971aca86d2f9ed
3427	40	0	null	9ce93833d0cd09f06edd1fb782fcac4a
3427	276	0	10006,10111	d5fa561bf06de2a00912f210a6e0fd05
3427	40	0	13403,10024,10075,10059,10052,10063,10057,10077,10067,10006,10083,10111	edb8172080fdd34bd1efa101107cabcd
3427	2	0	10083,10063,13776,10006,10110	d1277a1fe8de305624cbc76ba0ae3bac
3358	183	1	11423,10031,10006,13042,10093,10063,10111	bcb08f4f79ce563a74308021bcec4ab7
3386	55	5	13866,10111	f172c3fc61d92d903d7e234bfb871b1c
3476	183	1	10063,10006,10110	c2b4ea6aeb3afb8b0f4f0b6449869444
3427	216	0	10063	14a9d21496b7afca0bc411bc9ed61813
3427	216	0	10052	974e54cba9598d36d6494e7033c40f49
3427	276	0	10024,13776,13042,10063,10006,10031,10110	96de3dfa41876472433529aa4f8664d9
1458	3	1	10059,13776,10052,10075,10063,13403,10083,13866,10031,10024,10006,10111	af4910b25b644a6a936b65f9fd91e630
3427	333	0	null	c1d0780c9c07f47711ed46a3aca3bb8d
1458	333	0	null	162008e4e1bd8ba69aa554cdfec35a89
1458	80	0	10063,10057,14273,16661	876d623027536e3dc7efb35fe739623d
1458	201	1	10063,13866,10006,10111	f908031d8da0d34ad2cd28115475c8ea
3386	333	0	10006	12b2911aac99e5d4b2e58ba1cd3e4fb7
3427	183	1	null	c0ed30e65514ee8c47960899b8e8d2d
3386	80	0	10006,10024,10048,10110	1f7c604004656488270c30a690e5e914
3427	106	1	10006,10110	93a58ef23a60a168ad7134b84a823630
3427	368	0	10057,13403,10063,10006,10110	cc1ea1c827dddf5f4139527d3cf0578a
1458	216	0	null	663b7f14a33552e8c4970ac06da94ada
3427	164	0	10059,10063,10006,10031,13403,10110	8c8ce5e80d329032722f52d35abd4114
3427	1	0	10110	72d7ba79be99f9c2e21130e977a34bcd
1458	333	1	10024,13800	b5d221f42c0e18262f38b376ba749439
1458	79	0	10075,13800,16661,10006	61b826685457ebd7599b23028d53a89e
1458	134	0	10063,13866,10006,10111	a8cee88458066a9623685cde2a7469f7
1458	308	0	10024,10052,10075,10063,10077,10083,10006,10059,10111	b2f87fbfd71fc4adfe558d1534c75553
1458	216	0	10063	3acbbe7075bd184f0e1b651903eb39de
3427	308	0	10031,13403,10063,10006,10052,10110	cf0ea02d8aca41ea7809a4d4f84c50d
3476	146	0	10083,10076,10059,10075,14273,13403,10031,10006,10052,13042,10067,10024,10063,10110	6bbf53a3b83b3a57548ec4eeb38e4767
1458	80	0	13866,10006,10063,10110	ba2fdcccb04d8fa8c38b9b3794e96bf4
1458	164	0	10093,10006,10063,10110	788468f675047f69d601f0bab0b06661
3386	94	0	10006,10083,10079,10059,13866,10063,10111	b77f8a28132b52aaa6acfa52b6cb4e5
3427	276	0	13403,10024,10063,10006	d39c2ebc2714d469864824e24f414be2
3476	146	0	10063,10006,10083,10110	e346eaaa6ee8971bfcdefe645b834611
3476	164	0	10057,10063,10006,10110	194e0fe96ebde1fa48ab9a99d0766a98
3476	1	0	10063,13403,10031,10006,10052,10059,10057,10110	a320c47c521232c342792c793eceb12f
1458	65	0	10083,10057,10059,10110	cf97b6858a7ff2333527e4eed4a0269
3427	1	0	10077,10006,13403,10057,10083,10059,10063,10031,10111	64e40b9fa736bd602d27eac9286442ae
1458	15	0	10077,10063,10059,10111	ea8679e574c3f873603e975bdf98fd89
1458	146	1	10052,10684	9b6b3feee7f499d9cf996bbf3e5fe2c3
3386	275	0	null	31f4e91e17cc70cc7caf2c66128a8ad4
3386	201	0	13800,10076,10006,10075,10063	cb511f3f2238c81a9fbb0ba03d8566e
3386	201	0	null	472f08e2ff51487660398bf9e4abfbb8
3427	276	5	null	5c31896f509e6c09e4781baa5c7e37fb
3427	276	5	null	5c31896f509e6c09e4781baa5c7e37fb
3358	359	0	null	ef377db1b4c80b9594c17127bf4643a0
3358	15	0	13800,10006,13776,10076,10059,10024,14273,10075,10093,10063,10111	15c82622db7239268aaea2f24241603a
3476	27	0	10006,10057,10024,10052,13403,10075,10063,13042,14273,10031,10083,10110	6b416bcdf480584c30969bf5401d189d
3427	275	0	10063,10006,10083,10075,10110	12c4e2752668646b0089e73d2a64fe67
1458	216	0	10063,10059,10111	82429b61a9feca300e0e6a00de8780fa
3427	276	0	null	3fda54fce682b32c0427dcc23c3bde32
3427	65	0	10031,13042,10059,14273,10075,10083,10006,13800,10076,10052,10024,10079,10063,10110	ceea8df2e0f070c830b44fde437ece01
3427	65	0	10031,13042,10059,14273,10075,10083,10006,13800,10076,10052,10024,10079,10063,10110	ceea8df2e0f070c830b44fde437ece01
3427	80	0	10024,10063,10052,10006,13042,10031,10110	f3dfbfc372979ee8bd46368098743388
3427	333	0	10063,10111	686dd99e1403bb904929e5321f31b3b
3476	216	1	10006,13800,10063,10110	cdd8654534e554d4c50bc4569488152f
1458	106	0	10059,10075,13042,10031,13776,10057,10083,10063,10006,10052,13403,10024,10111	3039261fc636be87fff357a0075e690
3427	65	0	10063,10006	ea1871486161d2cb77fdad9e7c73da29
3427	80	0	13403,10006,10059,10063,10111	1ca28c7c1356dabb5f5cee545576155e
1458	276	0	10024	b147c0251e8a9ade1ba6a52df9e37aad
3427	164	0	10006,10057,10111	100f0a884a8f081a3bcd2758fe75c0de
1458	164	0	10006,10063,10110	b3f1b1b038b0c4d59356fc7dd0b76904
3427	164	0	10006,10052	50086bf5e93d0accd895797821b82761
3427	146	0	10031,10063,10083,13403,10006,10110	bf1f713a639c0986bc8b934fabc1e221
3476	79	0	10006,10024,10063,10031,10075,10057,10093,10110	bb635745daa53cc403c75eb84db8d9bd
3476	333	0	10006,10063	e0b32d5401e3ff25d7993601c6138b5f
1458	106	0	10075,11278,10024,13800,10076,10063,10083,10006,10111	9bb96cbe381049dfa87aad93fa04017c
3476	15	0	10006,10063,13042,10031,10110	ed4903546afb801c160f8dd8fe766d5
3427	333	0	null	698a15323b48218138fb1f4408ce511
3427	164	0	10110	ae88f2995204fdcedf993314c53ac698
3476	3	1	10063,10006,10052,10075,10059,10031,10057,10110	b48c9fc7f30aae3c8effac3b44d14f0f
1458	80	0	null	4ed0b391548ae5bd5f66ad4aaac074bb
1458	80	0	null	4ed0b391548ae5bd5f66ad4aaac074bb
3386	333	0	13042,10031,10057,10063,10006,10075,10077,10110	80c8289dbe23cfaf8f1d602b05b07f3
3427	15	0	10052,13403,10024,10063,13042,10006,10057,14273,10031,10110	bebc659aaa5e51eab3c80dd431b1a91b
1458	1	1	10024,13800,10057,10063,11278,13678,13866,10006,10111	71eb4cc18835fa25c84e0913264e2a47
3386	3	1	13866	506497f25400e1803a2e75207fd26c26
3386	276	5	null	e3f02b44867f10d70d0da2665198e66a
3427	216	1	10063,10006,10110	18d26d510d83a8de4cdbce5d17d3f13c
3427	65	1	10063,10111	9386e7ba4e1425ce887dd85d4d72b4ff
3476	164	0	10075,10052,10077,13403,14273,10083,13042,10031,10024,10057,10063,10006,13800,10110	5a33f81087643107c3db68cd4d4419ed
3358	40	1	10063,10111	39373b9703d8092fe39ae4b0beb52536
3358	40	1	10063,10111	39373b9703d8092fe39ae4b0beb52536
3358	40	1	10063,10111	39373b9703d8092fe39ae4b0beb52536
3358	40	1	10063,10111	39373b9703d8092fe39ae4b0beb52536
1458	134	0	10059,10006,13042,10057,10063,10031,10110	75bb2f5c98cadd85220db8248227eeab
3386	94	0	10048,10052,10031,10024,10006,10075,13403,10059,10083,10076,10063,10079,14273,10077,10110	9f75376856df360610b15e54a69b3552
1458	359	0	10006,10063	c2da097dff1bdf473f0ad6c541194252
1458	40	0	null	2a34013cf24ddad5a13f750c3d12e2e2
3386	134	0	10006	4657ea3b05900aab4d3b525968e2f4d1
3386	134	0	10006	4657ea3b05900aab4d3b525968e2f4d1
3476	65	1	10052,10075,10076,10006,10083,10063,14273,10110	efdfbded815b6ee8c5c3ba095f91feb6
3427	146	1	null	1af20b3035b0a5d03f99dbc7f7704cda
1458	1	0	null	45dbcda92b39b89c049df46dcb3790ac
3386	276	0	null	a2322bcfc571caaf83877455a2e9756b
3386	164	0	null	8a66388d69d34aefe9b3a37da8a852b9
3427	80	0	10006,10063	812bf63e9666ce0ca2d562b04099c15a
3476	164	0	10024,10063,10075,10076,13403,13496,10006,13800,10057,13678,10083,10111	753c1107282c84b1d885f2c77e62e96b
3476	94	0	10024,10077,10063,10059,10083,13403,10057,10006,10111	79f6671329eec41441f9ab67400078f7
3358	238	0	13776	c9a94e0cfd71c4581544c08b533530e3
1458	106	1	10063,10111	b5a79d62043303f5a2830dd36ff4f178
3427	216	1	null	75feea0cfe08394c36bee988068b264d
3427	308	0	10057	41196021fe195ab8d799a0f51fb06368
3427	146	0	13403,10063,10006	389e9d792edf1b06b671a2fab970f0ca
3427	146	0	13403,10063,10006	389e9d792edf1b06b671a2fab970f0ca
3427	146	0	13403,10063,10006	389e9d792edf1b06b671a2fab970f0ca
3427	146	0	13403,10063,10006	389e9d792edf1b06b671a2fab970f0ca
3427	55	0	10006	f37c063b8f815ac0188d10eb747ec0a0
1458	146	0	10063,10075,10006	5e8b931340e35d0b3a39dcfb7efa5df6
3386	65	5	10684,10052	a5aa80d84f4f6e68bdfcd50f5828bd92
3386	65	5	10684,10052	a5aa80d84f4f6e68bdfcd50f5828bd92
3386	80	5	null	df13e84c5547c347bb169c4c132a5a2a
3386	134	0	10052	ca27288935ffbf38ab611c681ec40a4d
3386	164	1	10006,10110	e477cf8633f75cccae94b6486b09b904
3358	276	1	10063,10024,10006,16661,10057,13403,10083,10110	6afffb96fb6d264d2b3511abf71b7547
3358	216	0	13776,10006,10110	d73159040682de844185d218f3533481
3427	146	0	10031,13042,10006,13403,10083,10063,10110	5d30d689b42bf849692c5e1f5ce80a88
3427	40	0	null	c57f7aac2bc12b5fe9b833310bdd72bd
3358	201	1	10006,10063	b1478289cb2bd41935b10007856bd3fd
3358	79	1	10063	957b55495a0e391e61051533abb42133
3358	79	1	10063	957b55495a0e391e61051533abb42133
3476	1	1	10063	b93980cb7e0b03653c487a16a1f5d5b9
3476	3	0	10063,10031,10006,13403,10110	e005c033e58ea88cef55debe7ba2758f
3427	308	1	10063,13776,10006,10110	627c29766901678e6d79930f51518a79
1458	216	1	10067,10006,10063,10059,10111	d9afc3c836b55d6a128f585d431d17ee
3427	216	1	10006,10063	fcc934b50e1758c5b790557252c9aa0a
3476	80	0	10006,14273,10110	9b4107bdd5d4f9b6164ce7f17adf8e22
1458	216	1	10063	e5fa549a31955af93e36c0e2afc77886
3476	94	0	13866,10006,10057,13874,10063,10110	e13b8962e8eff4a6181bd507792ec4f5
3386	298	0	null	4ab3823fd2ffad02865cc4611eca9c2c
1458	164	1	10006,10110	5f6c7111573b5f65c697b8c53940d1bd
3427	55	1	10006,10063	10e8473e927d333bec1ad9e897ee2360
3476	94	0	10075,10063,10006,10059,10111	cdfb7f3ab2a1461d93b0007da5365719
3386	201	0	13042,10031,10006,10063,10057,10110	acbe9e9e8a521458ed28f83d6ef13af
3427	80	1	14273,10063,13866,10083,10684,11423,10052,11379,10111	5b665eb635acee48f751cbf070de43e2
3386	276	0	10077,10063,10006,10110	38a5cca220a9b406cf05ea3cb99851c7
1458	3	0	null	d36c2f9cb7625238b3025821f151a4aa
3427	216	0	null	9ac4fb2e9f181d3f3be186ef5954635b
3427	216	0	null	9ac4fb2e9f181d3f3be186ef5954635b
3386	94	5	13866,10063,10024,10111	5638a74c432f3510920528f419bdec87
3386	79	1	null	65727aa1d1e0b818ae7a51c9d6fc65ce
3476	15	1	10074,10063,13042,10006,10031,10110	c7a48109f30f785bc5e10426ef9f5194
3476	15	1	10074,10063,13042,10006,10031,10110	c7a48109f30f785bc5e10426ef9f5194
3476	15	1	10074,10063,13042,10006,10031,10110	c7a48109f30f785bc5e10426ef9f5194
3427	1	0	null	37bf339d4f5f52995b13c879490ebba7
3476	15	1	10074,10063,13042,10006,10031,10110	c7a48109f30f785bc5e10426ef9f5194
3476	15	1	10074,10063,13042,10006,10031,10110	c7a48109f30f785bc5e10426ef9f5194
3476	15	1	10074,10063,13042,10006,10031,10110	c7a48109f30f785bc5e10426ef9f5194
3476	15	1	10074,10063,13042,10006,10031,10110	c7a48109f30f785bc5e10426ef9f5194
3386	146	1	10063,10024,10031,10006,10111	59f298b12669c203f58a54845d58ce1d
3476	164	1	10006,10110	4de2884502bbdcd71f39d23fe8f0483c
3386	79	1	null	65727aa1d1e0b818ae7a51c9d6fc65ce
1458	216	0	10031,10083,10077,10057,10075,10052,10063,10059,10006,10110	9da19bf805bcd72d7f612abf7331ba76
3476	276	0	10063,10006,16593,13866,13800,10110	59df744cff296a07cc1bcf32585a09a1
3386	164	0	10024,10063,13866,10006,10077,10111	b51a67179b5cb696ed5f43345a89c628
3427	124	1	null	72ff149fe26291caaf214abb4357be2d
3427	124	1	null	72ff149fe26291caaf214abb4357be2d
3386	393	0	10006	7ceffbcd94c4f5df4f5ac7cda61441d0
3476	238	0	10057,10052,10006,13403,10024,14273,10059,10063,10083,10110	69e19fd2ff220a905d198e461aa1217b
3476	308	0	13800,10074,10006,10024,10110	d2fb871d439138660147ecb02c1a788d
3358	216	1	null	6335457ea800e3b574ddf62da74ce414
3358	40	1	10063,10079,10076,10077,10006,10075,10052,14273,13800,10684,10110	eef5e89f4d70b687ad309630065981e2
3427	3	0	13403,10024,10006,10110	224ced0b1a984e4feba588030514be19
3427	146	0	null	43847cbc9a5a6c6316a068b0e62073b8
1458	40	0	null	e38f32f435e7113adde050c2754cd20f
3427	15	0	13776	dcc7b98b7b5a2ed4633df6a9ffe1c07e
1458	94	0	11278,16661,10083,14273,10077,11379,10052,11680,10059,10063,10057,10006,10110	2e8c7f7a65598906ee414b7e1513a27e
1458	374	0	10063,10006	4b0125b74f1d98e34a81b33e5eb58852
3427	94	1	10063,10006,10110	598c88c1050293d7a5c47ff9b657eff
1458	201	0	10075,13403,10083,10024,10063,10006,10059,10110	55fca2279a63baebee20ef24c8b35a1d
3476	80	0	14273,10031,10063,10077,10111	fc20e45034b165750da1ffaf76411cb7
1458	134	0	10006,10063,10024	894aae15d428930a4644f4e7cd61fb0e
3476	27	0	10063,10083,10031,10110	92f6ce5b1acbc9d08cc88e24af7c8a55
3476	27	0	10063,10083,10031,10110	92f6ce5b1acbc9d08cc88e24af7c8a55
3427	3	0	10006,10052	34624ab737ff3135b4ce0ec65dbe4b17
3476	238	0	10006,10024,10110	367dc102cbc4441aaf7cd6835f1bba04
1458	106	0	10063,10006	2e9251e36c74af7ff7a5cec924a1af36
3358	2	0	10024	a1c498429f12adbce2285516e9afff08
3358	216	0	10006,10074,10083,10048,10110	9b0c15376b8c66ed105d8203e624d0f
3386	27	1	10063	5b66b565d61a39633cc23777493445dc
3386	216	5	10063,10006,10110	d87fff43e3416fa694586ba215a23462
3386	124	1	13776,10063,10075,10006,10110	23753c167468e3ca8cdf5bff30e9b5d3
3386	40	1	10024	8b6c03281bf9008fd00bc5bd9b021089
3386	183	1	10024,13866,10063,10111	8f593ea4f18d766241b8ad6aecf75630
3386	124	1	13866,10111	a4c5bcfd66eeac09781e2918751b668c
1458	40	0	null	792d6b9f1acebf550967b2583c4a53b3
3427	94	0	null	a5aee382d6c1d190db6036a7bc26bdd6
3386	393	0	10006	7ceffbcd94c4f5df4f5ac7cda61441d0
1458	3	1	10063,11278,10024,10111	710ab7b013a7973e0e3c279b9f069a35
3358	298	0	10063,13776,10024,10006,10111	992c5ecc490484fcbf76ab2fe6218dd5
3427	183	0	10024,10006,10063,10059,10111	2ab4ecea3b2a45c73569408166b4c7c
3386	80	0	13866	a10cac2f95a261168107de1e9ae3806
3386	65	0	13866	1aee80007f86f97dcbf92870c7b3d576
1458	146	1	null	af3ed736f25744a478c8c436381cd98f
3427	201	0	10063,10006	f17899a0be8b89cc7fe2c5362ad9a1eb
3476	94	0	13800,10083,10057,10063,14273,10077,10006,10031,13042,10024,10052,13403,10110	1d2638393b54967e0da752f5e429e8a0
3358	106	1	10063	293a4a67567204c678a6728fe521440b
3358	94	5	10006,10075	30ee4bd60b5cfb4e91f29186e9a3bd84
3358	94	1	10063,10684,10006,10024,10110	a1f467c14e5ee0bb90930b21c6ad7c6c
3358	94	5	10006,10075	30ee4bd60b5cfb4e91f29186e9a3bd84
3358	94	5	10006,10075	30ee4bd60b5cfb4e91f29186e9a3bd84
1458	106	0	null	e9b344cc30e79194d811b81b36114f57
3358	94	1	10063,10684,10006,10024,10110	a1f467c14e5ee0bb90930b21c6ad7c6c
3358	183	1	10063,10006	ab5ab318f2050ba54b724c0ceb173022
3358	216	1	10063,10006,10111	2b02ed9703a2ab5ddc73f8ae6068943d
1458	146	0	10077,11278,10057,10063,10111	317a50f5a53f7b3849f5dccd838c3715
3476	1	0	10083,10063,10110	d0362b3b4e44562a706bb6536d972526
3386	94	0	10031,10006,10110	74b048413c2404d48bdae2d3af43b59
3427	79	1	10063,13403,11278,10684,13776,11379,16661,13866,10111	7977d7b228bfc58ad05a545394945b1d
3427	94	1	10063,10024,10006	d490c6957ee9d7e3b22621c8038338dd
3427	1	0	10006,13403,10110	d2d18ddf0ed112d29d5e52b76b1873c
3427	298	1	null	60d930ce3fa9bb66eeada5ee89027613
3427	40	5	13866,10052,14273,11423,10083,10063,10684,10111	15e802b2b1e065dcf9d72c88dcf38261
3358	333	1	null	c482e68c22259f15614e4465248b312b
3358	94	1	10024,10006,10110	ac6a8e15755cc37fa2399976d0fe7067
3358	3	0	null	5fe3263d471eb081ba3fb9ff46f218fd
3358	80	0	10006	7ea6c8852bcbfb588ca97d48de92d965
3358	55	0	10076,10063,10111	acb1f93143aa5e0b6a0ed28cbb8db236
1458	276	0	10076,10063,10024,13800,10052,10006,10057,10110	b16b8b9b14e693279811925e2e380457
3427	134	0	10077,10031,10063,10111	7039a9a17a85a39ab06ebab17ba9d739
1458	134	0	13866,10006,10110	1fea379b0a06d85f34feea65cf2b2441
1458	216	0	11278,10111	a57714e415fd9924e7cf97a9fba1b5e6
3476	94	1	10083,10079,10006,10059,10076,10063,10075,10093,10110	b8bf90838df4c152fbdb8ef08226913b
3476	238	5	10059,10063,13866,10006,10075,10111	3b01b5e1c67ef86a20931821a3ef0b8a
3476	134	0	10057,10063,10052,10006	9b2e5e01307b79c006e0b8f1a774d03b
1458	80	0	10024,14273,10059,10006,10083,10075,10063,10057,10093,10052,10079,10076,10111	2221eff8a35e37e78ca0bed96cfa1dc
3427	298	0	10006,10024,10110	e5ca47d21e0ddf953ce0967346f9e9c6
3476	216	5	10048,16661,13042,11944,11379,10052,10684,13874,10075,11278,10057,13403,10063,13776,10110	171d63f2c9bcf09d2436bbc9b034bf46
3476	80	0	13042,10059,10057,13776,10031,10006,14273,13403,10024,10063,10110	33074edd6d594739aa02101ef5748118
3427	27	0	10024,10111	fe8a088674cfbe84e02411bd8b1ce99f
3476	2	0	10052,10075,10031,10083,13403,10006,10110	51ab5ed903c0a6be33486167cb9d3bdb
3386	94	1	13866	e3cde88a1b381a394d0a7f6e6793e529
3386	80	1	null	430777baa01e1d5de697cc840172f714
3386	164	5	10063,10110	c5d0c6529d85c8c48bd8bd8cbba3cacc
3386	80	5	16661,13042,10110	78f3cf2e5c9164342fb9e6b32f839d8a
3386	80	1	null	f2c09d2cde6718bdda0d173676efc688
3386	94	1	null	c3c4ca55fbcaaeb02cd7befcf4fc2d4d
3386	298	1	10057,10063,10059,10006,10111	3f9b5ecad5014c9e49e294076f27afbc
3386	94	1	10006,10110	8dabfb92edcadebe729b027397155285
3386	216	1	null	e0d4c731bbf1b557ba9f1052c99558a6
1458	94	1	10075,10006,10031,10063,13042,10048,10110	365c4758d2e979b18d6845924b9a366d
3476	275	0	10110	598e8d5b9645f2d4fcb3acb326db0df
3386	146	0	13403,10077,10075,10006,10063,10111	9589ee29ddbaa0723c90b87457835a88
3476	55	0	13866,10006,10063,10111	3440bbb16fa9e3036872b490de005eb2
3386	3	1	10063	f13655e26ce04b52c2dc7183ce90ffe0
3476	80	0	10006,10024,10052,10063,13403,10075,10057,10110	8bb83d30d5c7dd0dc64667050f5fd3e9
3386	374	0	null	1826f26e8c788b74e8460999895fbe26
3386	276	0	10076,10024,10079,13403,10006,13800,10048,10063,10083,10077,10052,10059,10075,10110	ebd164d799a07cd07b27cb45e81ff610
3358	124	1	null	f42d4dca000500a3788dc729c01fdf3c
3476	94	0	10006,10052,13866,10063,10079,10057,10024,10048,10031,13776,10059,13042,10110	8395cc639afff6e1ad92a5cb8952dd4c
3358	344	0	10059,13042,10031,10063,10006,10111	fd00df52a3257342c93cf51d96c39e6c
1458	333	0	10024,10006	e7c9a6fc2a7d57715b4fc2058aeb2e11
3358	146	0	10006,13866,10059,10075,10024,10063,10076,10110	5df30c2c7253ed7e335499380bf94fe6
3427	308	0	13403,10063,10006	e225905bf67e5e0ef560822ea6cf79ad
1458	164	0	10077,10031,10111	dd4166ef469b1f6ccb34fb7c6789c5d3
1458	164	0	10057	c59a8f4d77b9d3adca4d1359f2c2a322
1458	164	0	10057	c59a8f4d77b9d3adca4d1359f2c2a322
3427	183	1	10006,10052,10063,13403	2eca7e7cddd0a42442c4cff887209196
1458	80	1	null	95797eef03a0d64e3dceb7ca697899d6
3427	146	0	13776	5593b18410e0802eca31d8dee26cc60f
3427	134	0	10006,13800,10024,10111	d77935cdfd2b32b94c271cce6252f8c4
3476	80	1	13866,10075,10059,10006,14273,10063,10111	618bbc764b7d3bc274e3a17501818d6e
3476	216	1	10006	4c59b4801130bb6aabee9c6efa2c9d06
3476	146	1	10063,10059,10006,10110	8911d3c84ff9ac0f36291ce27b300647
1458	146	0	10063,10006	e475ae32372cade22c7d0caa1e87b115
3427	55	0	null	6fb9b1f7b35b7a3fc404ae53c0c57583
1458	55	1	10063,10057,10075,10006,10052,13403,10111	7183dcfc0e17653ed999a6932c3fa061
3476	27	0	10006,10075,10024,13403,10059,10093,13800,10063,10083,13866,10110	fe8ee6bc265e8a65dad981c0b265e4e9
3358	393	1	13866,10052,10063,10111	8dd76a97957640a4a881d58997dda7df
3427	3	0	null	17b73e5e272fba3c0716779b90026ab0
3358	238	1	null	4fc737e46b96edefd1f9f2586e155671
1458	55	1	10063,10057,10075,10006,10052,13403,10111	7183dcfc0e17653ed999a6932c3fa061
3427	183	0	10059,10006,10075,10110	10a2c9c7741c557225b6b2254af542c8
3386	216	0	null	9e07fa83995a3fc979624a3b4800cb92
3386	333	0	null	19d5e60faf69b67d270d1739426ac0e
3386	374	0	10059,10063,10111	f779a6d2431e064df3d7bb8c369461ad
3386	146	0	13866,10024,10063,10006,10110	3c006d4bf145e7bab91d8aab3976e8e2
3476	94	0	10006,10059,10063,10077,10031,10024,10057,14273,10110	cdfa206b38023611de0574ed2cff7b5e
1458	15	1	10031,10077,10024,10063,10006,10110	ad8fa96566f6ae87cc25e9da1a3bf1cf
3386	40	0	null	1216da573e6bc03ecdd27bebb70e34c3
1458	0	0	null	b73178194985d571bac54f84840eea14
1458	216	0	13866	beab351399622a8d8729bba7e8c8225f
1458	40	0	10063,13776,11278,10111	b5c5fd125bf04e82967c8cb1bedad984
3386	15	0	10006,10110	63d7955bbb221d0937157027e35b2232
1458	124	1	10063,10006,13866,10075,10111	39840fa84a449ed63983f6a16c834b44
1458	124	1	10063,10006,13866,10075,10111	39840fa84a449ed63983f6a16c834b44
1458	106	0	11278,13776,10093,10076,10075,10111	ad228a9394949691e891b136dc3b395
3476	2	0	10063,10075,13042,10083,10031,10006,10057,13403,10110	a15a0ec78f3cb4e6c40633dc98efd597
3476	216	0	10093,13042,10059,10031,10075,13800,10063,10006,10024,10052,10110	6b1324e6e484ca1fa27a2cbbdff78742
1458	27	0	13866,11278,10111	63da4c60f4ed01b96b20739979a2c263
3386	94	0	10006,10048,10024,10093,10059,10063,10031,10083,10075,10076,13403,10111	a140708a491dc1168eade63eed289c3
1458	164	0	null	cfc1f2fdb78a6da8c90e5be1a50d1f05
3427	40	0	10057,10006,10031,10052,10063,13403,10083,10110	aa4cd8e29f0e800a39139147461ca359
3427	0	1	10076,10063	e42dd4d6e77cbe8ceb454573da38a9eb
1458	134	1	10063	6c407195ef9f3dc76b913a71fba9859
3476	94	1	10006,10110	1cfc242b1a966f57865d831234744620
3358	216	1	null	c2362aef150be961fe0837ad67539bc2
3427	2	1	null	f1da4c87c92233acd72463250981c7b4
3427	2	0	10006,10077,10059,10063,10075,10111	78076fffeb5f4bd80daa4b68e701118
3476	333	1	13403,10031,10063,10006,10110	38bd2c633c6bfb6c860291d77554aefc
3427	183	0	null	2337dcdd8743914e6e41c9ebcc311485
3476	276	0	10024,10075,10083,11278,10059,10063,10110	449a824c21a5325ded75170fafbd09f5
3358	253	1	10075,10063,13866,10077,10057,10110	e39dbf8de90edcae738a592ea40f5605
3358	15	5	null	8f791048846631448669476a877d9548
3476	333	1	10006,10063,10110	b152d99e824b9d0c1566cea004c431ab
3476	164	0	14273,10024,10031,10006,10052,10063,10110	55b51c976ad7b69acd22c383fa16a169
3427	55	0	10063,10077,10111	5a6a7a6c6c6fe98e76ab01e6e186e9c
3427	146	0	10063,10074,13042,10031,10006,10110	403367add01be7b3a8d914fbee797064
1458	201	1	13866,10111	f44debb0d777b5b24c56d1a68bc2c6ae
1458	79	0	10075,10006,10076,13403,10083,10110	7131fabcb19833f1a0d934ab0b06d240
3427	3	0	13866,10111	2715e320561a72776d0bf83f391decbf
3427	325	0	null	1d6dadbb5f1afc085163b27a2ee4e146
1458	94	0	13042,10057,10006,10074,13800,10079,10048,10031,10093,13496,10075,10059,10024,10063,10076,10110	eb5311372e3187f0186e3775ec117462
3427	79	0	10063	13a43232521e0027c3f08b734f5d1656
3386	183	0	10031,10063,10024,10110	31f0fa79d2f9e659c69c3b3dbe6c4a8b
1458	40	0	10006,10063,10059,10111	4b5b89898facf2542b88bbbc85be6d37
3476	80	0	null	477de7bda0b41d0cc746f56b1e863910
3427	238	0	10083,10063,10006,10110	4fc4fcd1362472923d3f7767d0354439
3386	216	1	13800,13866	eaa98635dcca3af3d55ff55cac196f7a
3386	79	0	null	822462ab76b4504daa2eca8650503498
1458	3	1	10006,10063,13866,10111	719b760baa6dc71c92a3ba8619e61076
3476	146	0	10063,13042,10024,10031,10006,10075,10110	f0801ab110f79d53871ab456f3c0c3e8
3386	216	0	null	b9bf83b4d9b1739f7097a663ac74aa05
1458	183	0	10006,10063	dc5476a1785575beaa95c93a396906cf
3427	183	0	10075,10063,10111	31d5aa62ed838ce9d9bf266b8e990ff0
3476	15	1	10031,10063,10110	61517b7afb15d7c34ebd424541a9b254
3386	40	1	10052,13866,10684,11379,14273,10111	91fbe617ebccea4be7a69146d73e9ef4
3427	276	0	10057,10075,10083,10024,10063,13403,10059,10031,10006,10110	f6258528af3c5ccc503b078bb29da187
1458	201	0	null	45f942c95d9fcb8bf2328cc5f5b250da
3358	216	0	14273,10006	42133455780b72aaa8e75fc15a31fd9b
3358	146	0	10006,10024	2e19d4a3a53cbf7fe749c8b79f23cc89
3358	80	0	10083,10063,10031,10006,10024,10110	f6749f222002f533432259208f926d85
1458	3	1	13042,13866,10063,10111	9a50ca99b3686fab792ca1b6a75e4f66
3358	80	0	10006	14b079118d0dc4c3becc646abb7941e6
3476	65	0	10083,10052,10093,13042,10006,10057,13403,10031,10063,10110	fda6be4c3cbdcebe9d31cc493b1dfaa9
3358	1	1	10063,10110	ee653ef88c0de3f9b8ce1237658cf55d
3358	79	1	null	41abaf5c79c7ebb09ea02d9cc8a7f31b
3358	1	1	null	ee653ef88c0de3f9b8ce1237658cf55d
3476	216	5	10057,10077,10083,10079,10052,10059,10006,14273,10063,10076,10075,10031,10111	9ec8c86ce3baf1695d6b68b25da156cb
3358	134	1	null	dc4568719dfb230e0731d41dad73f1c
3476	216	5	10057,10077,10083,10079,10052,10059,10006,14273,10063,10076,10075,10031,10111	9ec8c86ce3baf1695d6b68b25da156cb
3427	146	0	10031,10063,10110	b2eea2541344e421dc5a927f6356371f
1458	80	0	10063,13866,10110	ad95a44798452004a56456d95ce8b39e
3427	1	5	10031,10063,10006,13866,10052,13403,10111	89a03b9dce6f425c3ca5346610684194
1458	79	0	10075,10083,10063,10006,10031,10059,10067,10057,10111	985c9977e2325e9f601785e782a58bdc
1458	146	0	11278,10006,10111	9dd235782c6e6afd8b0413a1a83dcc7a
1458	164	1	10063,10006	845e77432abfc1bb68eeb8b0dc750bd
1458	146	0	10063,10024,10111	14ac61f9d3e4062958915abbfe5edb8e
1458	80	0	10063	163d26be28c09b226ae308976ebc05bb
1458	276	0	10059,10006,10063,13800,10110	ee4b34bbd2e4f8265315fa5699fce7a
1458	55	0	13866,10083,10063,10031,10006,10111	a4db669a7dc7a7e491763fe755790ff0
1458	3	0	10006,10110	ba857b0a08f43d9b1e019324794208f7
1458	80	0	10006,13403	79d28ae170fdebada9611f0033a5bb41
3476	55	1	10063,10006,13042,10110	6ce67455faa7f6e1dbe78d71294b7070
1458	55	0	13800,11278,10111	e6ea91fedee22a8316123c00e7207c17
3386	201	0	13776	455f49cd0d4b44e870fcfa00550d0a67
3386	80	0	null	13d5ce9c6a508f004da078b2180b0c96
3427	80	0	null	4f429df9d34cddc20ddb124e5c906615
3386	146	0	null	6ffdfac61cbef6b36819d58d0368db72
3427	55	0	10093,10006,10063	735564381ee950dbbc784710b3a6ecae
3386	146	0	10077,10024,10063,10111	22be9c1e91a0ad6646587698a4da91bd
3427	2	0	10079,10111	69b357eda624f83e7a23e022be8c941b
3476	94	0	10024,10031,13776,10006,10057,10063,10052,13403,13800,10110	2180b0bab44ca1beacf887b3fbdf8712
3386	146	0	10006,10059,10067,10063,10111	583aabfdcd7a6b9af318cf746cb6d7c4
3427	308	0	10075,10067,10024,10006,10063,10057,10079,14273,10077,10059,10111	20c7309abbfbaec9440b9ee186a57efa
3476	216	0	10059,10075,10006,10063,10083,10079,10031,10077,13403,10057,10110	df2349cfeec622a94683b0311c2d5e3b
1458	40	0	13866,10006,10059,10057,10031,13403,10063,10111	14795480d0b6d17cf18c4a084b42e7fb
3386	80	1	10063	72b2e46c2d495c95c6cf4d0f10a57f21
3476	333	0	10063,10048,10006,13403	da77813f855d805a4982c23c2b34b14b
3386	94	1	14273	2c791b3728dccae22e210dcf102cbf40
3386	146	0	10057,10075,10083,10063,10031,10110	8e6f8c092eacae32d900659a2d14ed2c
3386	55	1	10684,10052,10006,13042,10031,10111	8642ee903057e62de0eb2269056c05a2
1458	3	0	10006,10110	ba857b0a08f43d9b1e019324794208f7
3386	124	0	13403,10006,10075,10063,14273,10052,10024,10076,13800,10110	14e4d5a66f75af91e8218ac1c7ecf30b
3476	216	0	14273,10059,10006,13866,10057,10063,10083,13800,10110	efe7246dee1dc404dd8d2db597565840
3386	1	0	10076,10075,10006,10083,13403,10059,10057,14273,10063,13800,10077,10111	ae94f78bb7b45391947810b8a3c8ebd3
1458	55	0	10063,13042,10083,10031,13403,10006,10110	eecb0287354c5b9873863468dd33e1ba
3386	80	0	10075,10059,10006,10063	17f45ea0d1bc9d2a35dd0342d1cb5742
1458	164	0	10063,13800	43a37e582272d7cea24fdb706facfcd8
1458	216	0	null	421949ba308f0e0e5727fba8ce41dbb
1458	275	0	13800,10057	3ee00ff673a67801687ae9a52bbf8b41
3476	1	0	10083,10031,10110	d2eb48efdc49dc482bcac92d496aa72e
3476	106	0	10057,10063,10074,10006,10110	238204318e0a6f273cdc6215aaf260ad
1458	344	0	10006,10063,10075,10059,13403,10077,10111	8d42d354409a68f36301daee99782b4
3427	80	5	13866,11423,10063,13776,10111	9ca98eaa6fefa71da05f4e93c1e9b43f
3427	216	0	null	7bc703b94f203507eb4bc5f9b6d6ebf5
3427	146	0	null	3d54ff333f9e727b10427f2a035a9e4d
3427	80	0	10063	6ea8c7681cf60083b4d281886328fd3f
3427	146	0	10006,10075,13403	dc0fa916a4beb7e88c2868174bc119b5
3427	3	0	null	bd34bacc96a6e17cf12c4ba57d24c0bc
3427	1	1	null	ac7087f706e73fd40e94f512636a09a8
3427	1	1	null	ac7087f706e73fd40e94f512636a09a8
3427	40	1	10006,13776,10110	f2080f0e89ace6610c053d64303ef341
3427	40	1	10006,13776,10110	f2080f0e89ace6610c053d64303ef341
3427	308	1	null	9a4e6e1ea80a0fb35b8a33f30b7e169a
3386	164	0	10024	4b90eacab36fd8846bdb2231058c5e7f
1458	146	1	13866	8a5b8928a12bdfc38ab48648e48a87e4
3476	146	0	10079,10083,10074,10063,10076,10059,10006,10057,13403,10075,10048,10031,10024,13800,10110	ae14c55a74699b7461ab5f5c516d2187
1458	183	1	13866,10111	4df58d8b2695ddfd31134abc641bf7cc
1458	2	0	10059,10006,10063,10111	c02f69652446a28c70c3353bbe96f0ac
1458	164	1	null	60e485faf17a60c3a3273c93356a3449
3386	55	0	10006,10059,14273,10052,10083,10063,13403,10024,10075,10110	43f22d31a0d484951ea83db3806115e1
3427	146	0	10024,14273,10076,10063,13866,10075,10006,10111	2fae49e2cecf9cd889cd279c72b30e20
3427	216	0	10006,10059,10077,10024,10063,10052,10057,10111	3c1ae48195662ef4259bf9bb9a93f9d3
3386	80	0	10063	493dcac24a69eab3242bef155e7018b0
3476	3	0	10684,10079,10083,10052,13042,10006,10031,13403,11944,14273,10059,10074,10063,10048,10075,10110	741955017b10687e06c703fd8c4c343b
3427	3	0	10063,13776	16665fa66f3880a1dd511ed04bce00a9
3386	1	0	10031,10052,10006,10110	56b0cbac6985bd3392cfe29cb338dd5a
3427	146	0	10077,10111	63be308723126d27a3fae9a8ba09406a
3427	146	0	10077,10111	63be308723126d27a3fae9a8ba09406a
3427	146	0	10077,10111	63be308723126d27a3fae9a8ba09406a
3386	124	0	null	b5573d2c91427f755f1234f1cdbee9df
3427	0	0	10075,10063,10006	8707887c2d85598baece2fa752930184
3427	164	0	10075,10052,10031,10059,13403,10083,10006,10063,10110	2f05907efb17f5469a6836e5e836e7e5
1458	3	0	10063	bef4bf17c8283c4abd1a134525328fcc
3386	79	5	13776	aaa5ac009200e0e0ca1bf180245a71a6
1458	3	0	10063	bef4bf17c8283c4abd1a134525328fcc
3386	79	5	13776	aaa5ac009200e0e0ca1bf180245a71a6
3386	164	5	11379,10684,13866,10052,10111	70bf9a2d99d068abf4749d4db56721f6
3386	164	5	11379,10684,13866,10052,10111	70bf9a2d99d068abf4749d4db56721f6
3427	106	0	null	816bf2fafc3b4b1ae63b2f813335432e
1458	276	0	10063,13866,10111	20aff12257a5602cc9b3f36ed4f3f11
1458	275	0	10063,10052,10048,10059,10057,10024,10077,10067,13866,10006,10111	a32eb695cd704494809e8a589a204513
3386	2	0	10006	43f2e1c28cc8422e02c328002f4de545
3386	3	0	10063,13866,10083,10006,10110	3ac2e4acec77a3565269900bcd07daa9
3427	238	0	10057,10006,10063,10024	f47876a24642154ea707a3f88090b112
3427	201	0	null	ad2c1e3a705f13aad294aa12a4ac789e
1458	164	1	10063	18ea0f3a4e4af67b33367cb8986621a5
3427	333	0	10006,10063,10024,10111	8c88e6c55f7cc81868b582f515eb4120
3427	276	0	null	4dcfef636fc580a689d7b0962adb27b7
3427	276	0	null	4dcfef636fc580a689d7b0962adb27b7
3427	276	0	null	4dcfef636fc580a689d7b0962adb27b7
3427	276	0	null	4dcfef636fc580a689d7b0962adb27b7
1458	308	0	13042,10063,10057,13776,10059,10031,13866,10110	fc9def94216bb2f783d2d33e66adde30
3427	275	0	10077,10006	7bab47340c95e1dfd6cfc6a25fe36156
3427	1	0	null	ea789353dec950c3d5edd652357075b1
3427	1	0	null	ea789353dec950c3d5edd652357075b1
3427	124	0	13800,10006,10063,10110	aa1a7fc8c40b062ce5df1ed502816cb4
3427	1	0	null	ea789353dec950c3d5edd652357075b1
3427	3	1	10006,13042,13403,10093,10031,13866,10057,10048,10059,10063,10110	4c242191172fd9da580dca8c383eba4
3427	276	5	10063,13403,13866,10083,10006,10110	5ba6e95953f43555c9994f20a6346
3427	344	1	10006,10024,10075,10083,10110	c12e54b051a6ab2ed80de11c650b4a0e
3427	79	1	null	640f543d60636c53673d0ea490683055
3427	1	1	null	41002b273e560f7f21bc99b448b92836
3476	216	1	10006,10083,10076,10063,10110	a116bb72e92885e075fb2e8a6fded295
3386	3	0	10024	dea969250c1490c2171eafbbb4de9570
3427	216	5	13403,13776	fbfcf5806bcbb63dc4315ee638acbc18
3427	216	5	13403,13776	fbfcf5806bcbb63dc4315ee638acbc18
3427	216	5	13403,13776	fbfcf5806bcbb63dc4315ee638acbc18
3427	216	5	13403,13776	fbfcf5806bcbb63dc4315ee638acbc18
3427	216	5	13403,13776	fbfcf5806bcbb63dc4315ee638acbc18
3476	276	1	13403,10077,10006,10110	6b1d9ae1521100c21a87561c822c0217
3427	216	5	13403,13776	fbfcf5806bcbb63dc4315ee638acbc18
3427	216	5	13403,13776	fbfcf5806bcbb63dc4315ee638acbc18
3427	15	1	null	2a0ddc5953fb3422a3001b1890794419
3427	216	5	13403,13776	fbfcf5806bcbb63dc4315ee638acbc18
3427	216	5	13403,13776	fbfcf5806bcbb63dc4315ee638acbc18
3427	94	5	null	3edf9776a1d8218e62af51abe0d8391d
1458	275	1	10063,10006	f9fedacbcd7086f5c17333bd37407665
3427	216	1	10006,10684,10063	ddccbfe34877d8370e8e5fa9c050c45b
3427	94	5	10052,11423	1acd5cf532d13073e684fe670786c84b
3476	106	0	10077,10083,10031,10059,14273,10067,10057,13403,10024,10075,10063,10006,10110	6bb1dab3813ca1c52f29fa69f62c6ff
1458	40	0	11278,10063,10083,10110	f1fb14aad85240e4a19e61cc6db4b6a3
3476	146	0	10063,10076,10093,10079,10052,13403,10075,10048,13042,10059,10077,10031,10006,10110	ba5e15073f52b8586828d4cf82c7e229
3427	146	0	10075,10052,10063,10031,13403,10006,10110	fdee8defb8066af4204a903d754f845d
3427	146	0	10075,10052,10063,10031,13403,10006,10110	fdee8defb8066af4204a903d754f845d
3476	333	1	10006,10024,10063,10048,10110	4b3a723c6da8e1ce76af5aca04560333
3386	146	0	10063,10006,10031,13403,10110	154a8d6788e7474988737681a7b08406
1458	146	1	13866,10063,10111	6485b7f7b808355e95e23c8f28630a84
1458	1	1	10063,13866,16661,13403,10684,13776,10111	c0d15b9ed7d9ec5cfb32e04a1407d4ef
1458	1	1	10063,13866,16661,13403,10684,13776,10111	c0d15b9ed7d9ec5cfb32e04a1407d4ef
1458	216	1	10063,10006,10111	e7866a18a4ead5e091765aea8e24f86f
3427	238	0	13776	c3d6f500669a6dd9be9e55e51ee18339
3476	164	0	10031,10006,10063,10110	cfd06fe686d280293a3fa083f1437b9a
3386	3	1	13866,10111	6c78182fe2f6bbee186a1f62c6099eed
3386	164	1	10048,10063,10684,10076,13042,10075,10057,10006,10031,10083,14273,10052,10093,10059,10110	fb2450935565d31a679e634d18f2fb29
3386	298	1	null	8d9fb52876f0f943634a08c24714ef32
3386	146	1	null	229d6c5cdc705c974355d31489967a46
3386	201	0	null	f43964e38f8c26aa0b916794c75a6835
3427	238	1	11423,13866,10063,10111	c51f9e44c81740c53ce3db97d9b371b
3386	94	1	10075,10006,10110	8465fd463225dfef144405ee17aa7cc3
1458	15	0	10083,10063,10110	ecce3293753e16ab0e15989cc6623913
1458	15	0	10083,10063,10110	ecce3293753e16ab0e15989cc6623913
1458	3	1	10063,10075,13866,10006,10111	d39eb01431505c18ba0f47d26cf5a8eb
1458	3	1	10063,10075,13866,10006,10111	d39eb01431505c18ba0f47d26cf5a8eb
1458	124	0	10006	2ff25f9946682f8757c0fdbb55a8bd6
3476	216	0	10093,10024,10063,10052,10006,13866,10110	daa15039311ce440bfbed6c031991c9e
3427	146	0	10063	5a9859c325e0b4163eba06384f2aac3f
3386	164	0	10031,10063,10006,10052,10024,10057,10110	1aeb4c6f9fd6cad37328c800e4432eb7
1458	134	1	10076,10006,10110	eeaa0766b756d1a0d21be03029740498
3386	298	0	null	2656c6b45c53c725e57b5c7aa6a07420
3427	216	0	10079,10063,10024,11944,10083,10059,10075,10076,10093,10006,10111	6b1e1c91ce583fc33286dac1c49aaf60
1458	15	0	13776	ef36bfe386245ad65c748186181ad05a
1458	1	0	10063,10083,11724,10067,10110	b13253dc5b96cfa44c72076c0958e95
3386	216	0	10063,13403,10006,10075,10052,10079,10083,10057,14273,10111	d37500596cfbbed0b8e8ce5e2f1c338b
1458	276	0	10006,13403	e4028ae765e0df35ec49721f58db2427
1458	216	1	null	b926dd262de0905ac3d2071e668c68ee
3427	134	0	10006,10063,10075,10083,10031,13403,10110	7bd9f4cfbfaa8acee97abb431d030808
3476	124	1	10063,10006,10024,13866,10110	e74118ec2e97fb381058319cad884db6
1458	146	0	10057,13042,10031,14273,10006,10063,13496,10102,10110	ed75e5f97b92e3ebdc21762495e58a0
1458	106	0	10006,10031,13403,13042,10063,10052,10077,10111	abdce5108914c946c63b37930b1100b8
1458	344	1	10059,10031,10063,10006,10076,13042,10057,10083,10111	328663d84dc40499c5dce22d28e8e715
3476	216	0	10052,10024,10063,10083,10031,10075,10006,10057,13403,10110	147aa3bfa300828190629642743741e5
1458	276	1	null	5224232ed8569d1e6aff4c138483ecf3
3476	333	0	10006,14273,10048,13866,10110	b26aeca5459c7a877ec8c54900d3a823
3386	308	1	10024,10076,10075,14273,10006,10063,13776,10110	9fe15f02e75955d946cba8c1df6dbeba
3386	216	0	10006,10110	7a97ba536d9958dbfe4d033e334c49ef
1458	106	0	10063	c10e63cfde92bfc95d5a695872697cbe
3476	80	0	10052,13800,10006,10024,13403,14273,10063,10110	1cd61bbe07b42b2a492fda601a7ddf5e
1458	146	0	10052,10063,10006	dbef4a80d0d14b58c3ad6e0f7b3e239e
3427	55	1	10063	166cb15375c40c68f134421e4b9d38d3
3427	124	1	null	db44f90bd3401fc0e14fd44298629ca7
1458	333	0	13866	9017ccadb98865a1ce733e65f810693b
1458	80	0	10059,10052,10110	f3aa34a663d7dafcb85d8ecd7d155e16
1458	65	0	null	aef40b0d66c07a37fbf16622029d8eca
1458	134	0	10057,10063,10006,13776,10059,10052,10024,10077,10075,10031,10083,10111	96ecac52f9e261bd469550d919937e96
3386	216	5	10006,10110	573e0ce32124faa6dfdb0587db8b8863
3386	134	1	null	4adf4ae8503b2b6d8ecef5bdb2333b30
3386	27	1	10063,10024,13776,10006,10110	f9e7da48255a434e218cb6359b87e486
3386	94	5	null	8652ee89a0f307ffb86e21a528d01da1
3386	201	1	null	1f5cf20944a8ce5dae0561efd4ebf3d
3427	94	5	10052	3a65771a26d5dc98b6462dd36bb3506d
3427	94	5	10052	3a65771a26d5dc98b6462dd36bb3506d
3427	298	1	10006,10031,14273,10052,10077,10063,10059,10083,10024,10110	6862448ca5ba70e43889d942c172d5bd
3386	238	1	10006,10063	6837b4952d8e24230a356367b5b9be65
3476	164	1	10075,10024,10063,10006,13403,10057,10083,10059,10052,10110	20291053730c85560cfe1b38bdb7b910
3427	216	0	10077,10006,10031,10059,13866,10111	afcadcc8f829fcb08c061cdcae80de94
3427	164	0	10006,14273,10063,10110	ce2f30ad2e8602e580d45f868a0f1176
3427	276	0	10063,10111	7efa6d3b765735a3907b7847b49cb4c
3427	164	0	10063	8eb72de8288a2526d6bb3b6e2a221a4f
3386	164	1	10006	59e7006572e2bcb783fb613742c8e53d
3427	80	0	10063	6c0dd9108ef433ed6cdb66fa4c1baa28
1458	0	1	10063,10076,10075,10111	2540818d13bcdaa1b2473d4bfe0e5eb4
1458	94	1	10006,10110	5430bd696adc3548c01523946d628b40
1458	276	0	10102	23657a60af3300169faada1f1583d81a
1458	3	1	10006,13866,10111	d68bb9d51bbbefea709b1c7cdb8e9457
1458	276	0	10102	23657a60af3300169faada1f1583d81a
3386	146	0	10059,10024,10076,10063,10006,10110	8217623ff01a3cb9f4c3bb0c5458610a
3476	124	0	13800,10059,10006,10063,10110	9aad083d97e1e0e3e5465591f73a6c80
3386	216	0	10006,13403,10052,10110	c74d52d964086f25c5143be52003cceb
3386	183	0	10006,14273,13403,10057,11944,10048,10110	42b60b39f684bc13fdbe7a3fdc0b3be
3386	374	0	13800,10024,10063,10006,10111	a95ad8af5c37f27c07b369a0275469fa
3476	201	1	null	f7ed7ede49a84d172366c60fb4a298be
3427	1	0	10024,14273,13403,10006,10063	b22cd84ea39053a433fa5e7f63a978e9
3427	94	5	null	594b6946ace5b2f45c54c2e2b58be5dd
3386	0	5	13042,10052,10684,10110	8149019b6bb9a0239c2b491d4b329771
1458	298	0	10063,10057,11278,10111	6ee3f8ac53e51acac31dbe4f8b7a9e83
1458	134	0	10024,10057,10063,10031,10110	3ef0f24ee43c99c2915edd98cbac3ca5
3427	94	0	10006	f0ea815f49ec9b740823de8836b8116
1458	80	0	null	ab92998dd290535a5f33d0af35ffd7a3
1458	106	1	null	10fb8ba3b1776777b020d67d643f6eb1
3476	344	0	10006,10083,13866,10059,10052,10024,10063,10057,13800,10031,10093,13403,10110	92e516a839a4ca8bf288c93342c67954
3386	80	0	10052,13403,10063,10006,10110	faa13ebb4c7a4eb10218042d389933a3
1458	15	0	11278,10057,10063,10111	7c00deb4d9bc0c188e3e312407d27b15
3427	374	0	10063	34ed8ddfd546c5a3c48d54f608ea55a3
1458	1	0	10057,10063,10006,13403,13800,10031,10110	a07ab9c28d0a296de7146ae94592fae1
1458	164	0	null	a147fa21f4336424fbb35df485c2d818
1458	164	0	null	a147fa21f4336424fbb35df485c2d818
1458	106	0	10076,10079,13403,14273,10059,10057,10024,10063,10093,10048,10075,10006,13496,10083,10052,10110	2ce3cb6a184445ad73722df89f2ccb7a
1458	164	0	10063	9e2534084b0851b3bcf94852420b5490
1458	164	0	10063	9e2534084b0851b3bcf94852420b5490
1458	216	0	13866	19b98a6889cafa3a879fc09a32a77d1d
1458	276	0	13800	6e69e9a6598c2f932b2618f6f3d3d679
3386	3	0	10024,10006,10075,13403,10083,10110	321812dbcf2ee18816e15426c9859812
3386	276	1	10063	917b92c504a9bd18a4b0cec499946d71
3427	164	0	10006,13800	f3130f42e72c6c2e4662595a1c501122
3386	146	5	null	cd9713ea07e363cf2480e5defbbfc9e1
1458	359	1	10024	d1c378b8ae25cc74c2b3b091c856caca
3427	216	1	13866,10063,10006,10110	7bd15ebc0934f97660502b3c21645006
3427	183	0	10063,10111	848f23637bbcc9dca90b88e793550f7d
3427	216	5	10063,10111	5df575eaef63fe89be5399a1723fe68e
3386	201	5	13866,10006,10063,10059,10111	582c93775c531cd8d3de2f9df866f997
3427	106	0	10006,10024,13776,10074,10111	13b00e2b230b427025f4c7dad7be272e
3427	183	1	10063	30dc0c77fa31974b4bc26407046fcc87
3386	395	5	11379,13866,10111	40a0e61cc127e1af815062ba405da465
3386	395	5	11379,13866,10111	40a0e61cc127e1af815062ba405da465
1458	333	1	null	f66b53c253da83bdaa5989208bd75313
3386	216	1	10063,10075,10006,10110	b3fc925bc3bbbe33af847ec73062ddf5
3386	333	5	null	d59f436fb4bd78d90cc772d102886991
3427	276	0	10083,10110	1010ba105047bb970b8c99044daace30
1458	298	1	10093,13496	a437143f7e10b002d06505e336de8f6d
1458	298	1	10093,13496	a437143f7e10b002d06505e336de8f6d
3386	333	1	14273,10093,10024,10048,10076,10083,10075,10006,10059,10079,10063,10111	7988331c9bd514c35dc750e30fd8d054
3386	183	1	10063,10006,10110	41128ab9e8f4402f301c161febb72bb
1458	238	1	10063,10031,10006,10110	edbc04493c024a6393c77288c7f6cdc5
1458	201	0	null	4465e529c6f8380c8f33937f82e22104
3386	1	1	10074,10063,10006,13042,16593,10031,13403,10052,10076,14273,10075,10110	4c0f8bb555600632b2a0f7780030a8a0
3386	298	1	null	dd56fc4e1fd3788c9deb5398d60a9730
3386	216	1	null	ba6084eb4bf273d8f765ea491d8752bf
3427	374	0	10063,10006	b226746377dce10d0e27989ff2418ab1
1458	94	1	null	b743eaa94bb019a9e126b0910845f024
3427	238	0	10079,10063,10075,10031,10006,10110	afbbc9913ef3772384d88c6dc5f6d529
3386	183	0	10006,13403,10063	5330db5f16b075e3d6b9e485775aba8c
3386	183	0	10006,13403,10063	5330db5f16b075e3d6b9e485775aba8c
3386	183	0	10006,13403,10063	5330db5f16b075e3d6b9e485775aba8c
